DXEX v3
C:\Documents and Settings\Prof. Werneck\Desktop\Testes_HTP\Testes\Testes_Topo\15mm\15mm_campo_topo_t04.lda
07:34:14
15.00 mm;-0.85 mm;0.00 mm
15_90_sub1
"X [mm]"	"Y [mm]"	"Z [mm]"	"Date_Time"	"Count{1}"	"Data Rate{1} [#/s]"	"Validation{1} [%]"	"LDA1-Mean [m/s]"	"LDA2-Mean [m/s]"	"LDA1-RMS [m/s]"	"LDA2-RMS [m/s]"	"LDA1-MeanConf [m/s]"	"LDA2-MeanConf [m/s]"	"LDA1-RMSConf [m/s]"	"LDA2-RMSConf [m/s]"	"LDA1-AnodeCur [uA]"	"LDA2-AnodeCur [uA]"	
15.00	-0.85	0.00	07:34:14	342	68.57	89.79	-0.3358	0.0274	0.1914	0.1810	0.0203	0.0192	0.0144	0.0136	12	38
15.00	-0.35	0.00	07:34:31	357	71.60	93.86	-0.3846	0.0425	0.1736	0.1953	0.0180	0.0203	0.0128	0.0143	16	38
15.00	0.15	0.00	07:34:48	385	77.69	90.82	-0.3753	0.0807	0.1987	0.1865	0.0199	0.0186	0.0141	0.0132	16	28
15.00	0.65	0.00	07:35:06	386	77.30	92.59	-0.3572	0.0939	0.2047	0.1760	0.0204	0.0176	0.0145	0.0124	16	32
15.00	1.15	0.00	07:35:23	425	85.08	86.49	-0.0853	0.1211	0.3227	0.2443	0.0307	0.0233	0.0217	0.0164	19	70
15.00	1.15	-0.50	07:35:40	413	82.76	82.77	-0.0193	0.1243	0.3177	0.2451	0.0307	0.0237	0.0217	0.0167	19	44
15.00	0.65	-0.50	07:35:57	376	75.81	91.53	-0.3511	0.0771	0.2095	0.1995	0.0212	0.0202	0.0150	0.0143	22	32
15.00	0.15	-0.50	07:36:14	364	73.47	93.61	-0.3754	0.0790	0.1701	0.1948	0.0175	0.0200	0.0124	0.0142	12	28
15.00	-0.35	-0.50	07:36:32	353	71.19	94.65	-0.3737	0.0457	0.1754	0.1856	0.0183	0.0194	0.0130	0.0137	12	35
15.00	-0.85	-0.50	07:36:50	356	71.47	89.11	-0.3809	0.0507	0.1904	0.1895	0.0198	0.0197	0.0140	0.0139	12	35
15.00	-0.85	-1.00	07:37:07	278	55.86	91.73	-0.3983	0.0445	0.1703	0.1865	0.0201	0.0220	0.0142	0.0155	12	48
15.00	-0.35	-1.00	07:37:24	367	74.70	94.30	-0.3793	0.0812	0.1697	0.1833	0.0174	0.0188	0.0123	0.0133	12	35
15.00	0.15	-1.00	07:37:41	363	73.61	94.72	-0.3842	0.0719	0.1761	0.1900	0.0181	0.0196	0.0128	0.0138	16	28
15.00	0.65	-1.00	07:37:58	364	73.41	93.12	-0.3321	0.1020	0.2555	0.1758	0.0263	0.0181	0.0186	0.0128	22	25
15.00	1.15	-1.00	07:38:16	352	70.94	83.19	-0.0859	0.1174	0.3181	0.2375	0.0333	0.0248	0.0235	0.0176	19	70
15.00	1.15	-1.50	07:38:33	333	66.54	83.62	-0.0922	0.1077	0.2632	0.2214	0.0283	0.0238	0.0200	0.0168	16	80
15.00	0.65	-1.50	07:38:50	344	69.32	95.31	-0.2884	0.1055	0.2497	0.1815	0.0264	0.0192	0.0187	0.0136	22	32
15.00	0.15	-1.50	07:39:07	352	71.10	92.52	-0.3607	0.0869	0.1905	0.1722	0.0199	0.0180	0.0141	0.0127	12	28
15.00	-0.35	-1.50	07:39:25	356	71.50	96.33	-0.4019	0.0708	0.1718	0.1907	0.0179	0.0198	0.0126	0.0140	12	32
15.00	-0.85	-1.50	07:39:42	292	58.92	89.28	-0.3924	0.0466	0.1836	0.1907	0.0211	0.0219	0.0149	0.0155	12	38
15.00	-1.35	-1.50	07:40:00	357	71.54	85.86	-0.3237	0.0222	0.2366	0.1955	0.0246	0.0203	0.0174	0.0144	16	35
15.00	-1.35	-2.00	07:40:17	349	70.12	87.26	-0.2767	0.0117	0.2337	0.1912	0.0246	0.0201	0.0174	0.0142	12	25
15.00	-0.85	-2.00	07:40:34	286	57.37	91.79	-0.3656	0.0572	0.2195	0.1944	0.0255	0.0226	0.0180	0.0160	12	32
15.00	-0.35	-2.00	07:40:51	313	62.76	95.10	-0.4078	0.0556	0.1882	0.1859	0.0209	0.0206	0.0148	0.0146	16	32
15.00	0.15	-2.00	07:41:08	329	66.07	87.84	-0.3616	0.1101	0.2051	0.1960	0.0222	0.0212	0.0157	0.0150	12	28
15.00	0.65	-2.00	07:41:26	332	66.85	95.03	-0.2649	0.1178	0.2327	0.1723	0.0251	0.0186	0.0177	0.0131	19	28
15.00	1.15	-2.00	07:41:43	300	60.28	88.77	-0.1148	0.1018	0.2343	0.1860	0.0266	0.0211	0.0188	0.0149	12	25
15.00	1.15	-2.50	07:42:00	239	48.40	92.64	-0.1067	0.1564	0.2056	0.1752	0.0261	0.0223	0.0185	0.0157	12	22
15.00	0.65	-2.50	07:42:17	305	61.30	91.95	-0.2636	0.1380	0.2136	0.1712	0.0240	0.0192	0.0170	0.0136	22	35
15.00	0.15	-2.50	07:42:35	317	64.06	93.94	-0.3186	0.1038	0.1905	0.1765	0.0210	0.0195	0.0149	0.0138	12	25
15.00	-0.35	-2.50	07:42:52	343	68.99	91.00	-0.3700	0.0490	0.1858	0.1789	0.0197	0.0190	0.0139	0.0134	12	25
15.00	-0.85	-2.50	07:43:10	276	56.11	89.86	-0.3222	0.0109	0.2244	0.1833	0.0265	0.0217	0.0188	0.0153	12	22
15.00	-1.35	-2.50	07:43:27	322	65.00	91.66	-0.2858	-0.0129	0.2191	0.1740	0.0240	0.0190	0.0169	0.0135	12	35
15.00	-1.85	-3.00	07:43:44	323	64.77	94.20	-0.1109	-0.0778	0.1824	0.1640	0.0199	0.0179	0.0141	0.0127	19	28
15.00	-1.35	-3.00	07:44:01	296	59.98	90.86	-0.2233	-0.0341	0.2113	0.1633	0.0241	0.0186	0.0171	0.0132	16	25
15.00	-0.85	-3.00	07:44:19	313	62.69	92.40	-0.2914	-0.0047	0.1946	0.1675	0.0216	0.0186	0.0153	0.0131	16	25
15.00	-0.35	-3.00	07:44:36	285	57.31	92.26	-0.3187	0.0714	0.1866	0.1692	0.0217	0.0197	0.0153	0.0139	16	25
15.00	0.15	-3.00	07:44:54	299	60.00	95.67	-0.3027	0.0913	0.1978	0.1512	0.0225	0.0172	0.0159	0.0121	12	25
15.00	0.65	-3.00	07:45:11	246	49.90	91.08	-0.2276	0.1255	0.1927	0.1675	0.0241	0.0210	0.0171	0.0148	19	28
15.00	1.15	-3.00	07:45:28	264	52.87	91.81	-0.1367	0.1196	0.1902	0.1628	0.0230	0.0197	0.0163	0.0139	12	25
15.00	1.65	-3.00	07:45:45	297	59.82	92.91	0.0133	0.1566	0.1611	0.1716	0.0184	0.0195	0.0130	0.0138	22	28
15.00	2.15	-3.50	07:46:03	313	62.87	90.96	0.0851	0.1317	0.1879	0.1958	0.0209	0.0217	0.0147	0.0154	25	32
15.00	1.65	-3.50	07:46:20	275	56.32	93.02	-0.0123	0.1432	0.1866	0.1826	0.0221	0.0216	0.0156	0.0153	19	28
15.00	1.15	-3.50	07:46:37	247	49.87	91.39	-0.1324	0.1400	0.1807	0.1611	0.0226	0.0201	0.0160	0.0142	12	35
15.00	0.65	-3.50	07:46:54	260	52.84	93.17	-0.2250	0.1049	0.1970	0.1622	0.0240	0.0198	0.0170	0.0140	22	28
15.00	0.15	-3.50	07:47:11	276	55.82	96.03	-0.3004	0.0886	0.1825	0.1528	0.0216	0.0181	0.0153	0.0128	16	28
15.00	-0.35	-3.50	07:47:29	258	51.77	87.67	-0.3099	0.0395	0.1909	0.1429	0.0233	0.0175	0.0165	0.0123	16	25
15.00	-0.85	-3.50	07:47:46	266	53.68	94.75	-0.2745	-0.0137	0.1937	0.1402	0.0233	0.0169	0.0165	0.0119	12	22
15.00	-1.35	-3.50	07:48:04	292	59.07	93.15	-0.2100	-0.0680	0.1908	0.1683	0.0219	0.0193	0.0155	0.0137	12	25
15.00	-1.85	-3.50	07:48:21	336	67.36	94.52	-0.1352	-0.0831	0.1869	0.1635	0.0200	0.0175	0.0142	0.0124	22	25
15.00	-2.35	-3.50	07:48:38	308	62.23	89.32	-0.0122	-0.1026	0.1912	0.1628	0.0214	0.0182	0.0151	0.0129	12	25
15.00	-2.85	-4.00	07:48:55	261	52.60	89.72	0.0830	-0.1172	0.1979	0.1701	0.0241	0.0207	0.0170	0.0146	19	35
15.00	-2.35	-4.00	07:49:13	280	56.44	92.74	-0.0169	-0.0961	0.1885	0.1665	0.0221	0.0195	0.0156	0.0138	12	19
15.00	-1.85	-4.00	07:49:31	303	60.84	93.19	-0.1218	-0.0857	0.2084	0.1693	0.0235	0.0191	0.0166	0.0135	16	22
15.00	-1.35	-4.00	07:49:49	302	60.64	87.13	-0.1953	-0.0537	0.1767	0.1510	0.0200	0.0171	0.0141	0.0121	12	22
15.00	-0.85	-4.00	07:50:06	305	61.54	91.37	-0.2327	-0.0144	0.1901	0.1521	0.0214	0.0171	0.0151	0.0121	12	22
15.00	-0.35	-4.00	07:50:24	233	47.02	94.47	-0.2577	0.0303	0.1875	0.1386	0.0241	0.0178	0.0171	0.0126	12	22
15.00	0.15	-4.00	07:50:41	262	53.14	94.28	-0.2368	0.0544	0.1956	0.1591	0.0237	0.0193	0.0168	0.0136	12	25
15.00	0.65	-4.00	07:50:58	284	57.49	95.54	-0.2188	0.0877	0.1931	0.1651	0.0225	0.0192	0.0159	0.0136	16	25
15.00	1.15	-4.00	07:51:15	276	55.49	94.78	-0.1334	0.1132	0.1934	0.1821	0.0229	0.0215	0.0162	0.0152	12	32
15.00	1.65	-4.00	07:51:33	289	58.55	91.21	-0.0225	0.1400	0.1862	0.1609	0.0215	0.0186	0.0152	0.0131	16	19
15.00	2.15	-4.00	07:51:50	315	63.04	95.32	0.0565	0.1449	0.2004	0.1770	0.0222	0.0196	0.0157	0.0138	16	28
15.00	2.65	-4.00	07:52:07	390	77.84	89.94	0.1037	0.1305	0.1982	0.2103	0.0197	0.0209	0.0139	0.0148	19	38
15.00	3.15	-4.50	07:52:24	342	68.77	91.40	0.1021	0.1790	0.2006	0.1830	0.0213	0.0194	0.0151	0.0137	16	28
15.00	2.65	-4.50	07:52:41	264	52.87	93.80	0.1020	0.1733	0.2038	0.1880	0.0246	0.0227	0.0174	0.0161	16	32
15.00	2.15	-4.50	07:52:59	280	56.25	92.71	0.0529	0.1517	0.2142	0.1862	0.0251	0.0219	0.0178	0.0155	16	28
15.00	1.65	-4.50	07:53:17	302	60.82	95.06	-0.0317	0.1292	0.2201	0.1912	0.0249	0.0216	0.0176	0.0153	19	25
15.00	1.15	-4.50	07:53:34	294	59.52	92.23	-0.0988	0.1170	0.1977	0.1675	0.0226	0.0192	0.0160	0.0136	16	32
15.00	0.65	-4.50	07:53:51	249	50.29	95.02	-0.2013	0.0865	0.1930	0.1634	0.0240	0.0203	0.0170	0.0144	16	22
15.00	0.15	-4.50	07:54:08	278	56.24	93.61	-0.2259	0.0298	0.1691	0.1443	0.0199	0.0170	0.0141	0.0120	16	22
15.00	-0.35	-4.50	07:54:25	248	49.77	91.27	-0.2591	0.0334	0.1867	0.1440	0.0233	0.0180	0.0165	0.0127	12	25
15.00	-0.85	-4.50	07:54:43	278	56.06	92.80	-0.2213	-0.0244	0.1956	0.1493	0.0230	0.0176	0.0163	0.0124	16	22
15.00	-1.35	-4.50	07:55:00	264	52.72	95.88	-0.1843	-0.0482	0.1811	0.1446	0.0219	0.0175	0.0155	0.0124	19	28
15.00	-1.85	-4.50	07:55:17	299	60.32	92.88	-0.1228	-0.0799	0.1893	0.1673	0.0215	0.0190	0.0152	0.0134	16	25
15.00	-2.35	-4.50	07:55:35	307	61.75	93.24	-0.0072	-0.1084	0.1928	0.1702	0.0216	0.0191	0.0153	0.0135	12	25
15.00	-2.85	-4.50	07:55:52	299	60.64	75.48	0.0570	-0.1117	0.2100	0.1858	0.0238	0.0211	0.0169	0.0149	12	19
15.00	-3.35	-4.50	07:56:09	317	63.86	95.72	0.0898	-0.1027	0.1876	0.1905	0.0207	0.0210	0.0146	0.0149	16	28
15.00	-3.85	-5.00	07:56:27	324	65.06	93.18	0.0901	-0.1339	0.1813	0.1715	0.0198	0.0187	0.0140	0.0132	19	32
15.00	-3.35	-5.00	07:56:44	272	55.25	85.90	0.0502	-0.1471	0.2042	0.1960	0.0243	0.0233	0.0172	0.0165	16	28
15.00	-2.85	-5.00	07:57:01	323	65.70	91.09	0.0390	-0.1095	0.2107	0.1706	0.0230	0.0186	0.0163	0.0132	12	22
15.00	-2.35	-5.00	07:57:18	282	57.38	91.82	-0.0092	-0.1179	0.2240	0.1577	0.0262	0.0184	0.0185	0.0130	16	25
15.00	-1.85	-5.00	07:57:36	324	65.28	88.39	-0.0897	-0.1002	0.2136	0.1597	0.0233	0.0174	0.0165	0.0123	16	22
15.00	-1.35	-5.00	07:57:53	271	54.94	92.34	-0.1443	-0.0517	0.1897	0.1494	0.0226	0.0178	0.0160	0.0126	12	22
15.00	-0.85	-5.00	07:58:10	269	55.09	88.15	-0.2130	-0.0271	0.1694	0.1513	0.0203	0.0181	0.0143	0.0128	16	28
15.00	-0.35	-5.00	07:58:27	223	44.86	94.23	-0.2324	0.0037	0.1803	0.1469	0.0237	0.0193	0.0168	0.0137	16	25
15.00	0.15	-5.00	07:58:44	252	50.94	94.27	-0.2109	0.0445	0.1926	0.1438	0.0238	0.0178	0.0169	0.0126	12	22
15.00	0.65	-5.00	07:59:02	262	52.68	93.64	-0.1583	0.0810	0.2009	0.1559	0.0244	0.0189	0.0172	0.0134	16	25
15.00	1.15	-5.00	07:59:19	258	52.30	93.39	-0.1055	0.1074	0.1858	0.1595	0.0227	0.0195	0.0161	0.0138	12	25
15.00	1.65	-5.00	07:59:36	297	60.02	92.78	-0.0063	0.1280	0.2176	0.1770	0.0248	0.0202	0.0175	0.0143	12	22
15.00	2.15	-5.00	07:59:53	266	54.24	94.90	0.0199	0.1577	0.2336	0.1843	0.0281	0.0222	0.0199	0.0157	16	32
15.00	2.65	-5.00	08:00:11	300	60.31	95.07	0.0426	0.1652	0.2255	0.1958	0.0256	0.0222	0.0181	0.0157	12	22
15.00	3.15	-5.00	08:00:28	334	67.06	94.01	0.0944	0.1846	0.2022	0.1715	0.0217	0.0184	0.0154	0.0130	16	28
15.00	3.65	-5.00	08:00:46	339	68.99	91.70	0.0960	0.1729	0.1902	0.1965	0.0203	0.0209	0.0143	0.0148	19	22
15.00	4.65	-5.50	08:01:05	342	69.12	93.07	0.0568	0.2409	0.2206	0.1987	0.0234	0.0211	0.0166	0.0149	19	38
15.00	4.15	-5.50	08:01:22	319	63.89	92.23	0.0882	0.2241	0.2003	0.1854	0.0220	0.0204	0.0156	0.0144	12	28
15.00	3.65	-5.50	08:01:40	314	63.15	94.22	0.0809	0.1924	0.2224	0.1972	0.0246	0.0218	0.0174	0.0154	12	22
15.00	3.15	-5.50	08:01:57	273	55.20	92.00	0.0759	0.1741	0.2264	0.1971	0.0269	0.0234	0.0190	0.0166	12	25
15.00	2.65	-5.50	08:02:14	312	62.95	95.84	0.0580	0.1569	0.2470	0.2064	0.0274	0.0229	0.0194	0.0162	16	28
15.00	2.15	-5.50	08:02:31	319	63.92	93.89	-0.0123	0.1344	0.2431	0.1889	0.0267	0.0208	0.0189	0.0147	12	22
15.00	1.65	-5.50	08:02:49	268	54.04	95.62	-0.0274	0.1093	0.2150	0.1814	0.0258	0.0218	0.0182	0.0154	16	25
15.00	1.15	-5.50	08:03:06	283	56.93	95.58	-0.1105	0.1005	0.2153	0.1868	0.0251	0.0218	0.0178	0.0154	12	22
15.00	0.65	-5.50	08:03:23	250	50.69	88.03	-0.1637	0.0738	0.2118	0.1711	0.0263	0.0213	0.0186	0.0150	16	25
15.00	0.15	-5.50	08:03:40	248	49.83	92.40	-0.1782	0.0448	0.1828	0.1452	0.0228	0.0181	0.0161	0.0128	16	32
15.00	-0.35	-5.50	08:03:57	240	48.51	94.35	-0.1810	0.0132	0.1702	0.1509	0.0216	0.0191	0.0153	0.0135	12	22
15.00	-0.85	-5.50	08:04:15	243	49.27	91.86	-0.1964	-0.0300	0.1855	0.1492	0.0234	0.0188	0.0165	0.0133	12	22
15.00	-1.35	-5.50	08:04:33	270	54.30	94.88	-0.1563	-0.0656	0.2017	0.1503	0.0241	0.0180	0.0170	0.0127	12	25
15.00	-1.85	-5.50	08:04:51	252	50.85	94.49	-0.0634	-0.0690	0.2047	0.1709	0.0253	0.0211	0.0179	0.0150	16	32
15.00	-2.35	-5.50	08:05:09	281	56.45	94.97	-0.0171	-0.0890	0.2219	0.1878	0.0260	0.0220	0.0184	0.0156	12	25
15.00	-2.85	-5.50	08:05:26	337	67.40	93.88	-0.0163	-0.1289	0.2105	0.1841	0.0225	0.0197	0.0159	0.0139	16	28
15.00	-3.35	-5.50	08:05:43	324	64.86	91.96	0.0484	-0.1154	0.2300	0.1823	0.0251	0.0199	0.0177	0.0141	12	25
15.00	-3.85	-5.50	08:06:00	317	63.42	93.93	0.0692	-0.1638	0.2221	0.1880	0.0245	0.0207	0.0173	0.0147	12	25
15.00	-4.35	-5.50	08:06:17	353	71.29	92.59	0.1016	-0.1728	0.1987	0.1886	0.0208	0.0197	0.0147	0.0139	12	25
15.00	-4.85	-5.50	08:06:35	341	68.29	94.30	0.0785	-0.2053	0.2007	0.2052	0.0213	0.0218	0.0151	0.0154	12	32
15.00	-6.85	-6.00	08:06:59	345	69.05	92.81	0.0208	-0.2422	0.2102	0.2228	0.0222	0.0235	0.0157	0.0166	16	25
15.00	-6.35	-6.00	08:07:16	340	68.64	92.96	0.0621	-0.2550	0.1945	0.2139	0.0207	0.0228	0.0146	0.0161	16	28
15.00	-5.85	-6.00	08:07:33	344	69.10	92.33	0.0469	-0.2425	0.2068	0.1989	0.0219	0.0210	0.0155	0.0149	12	22
15.00	-5.35	-6.00	08:07:51	339	68.22	94.10	0.0370	-0.2287	0.2172	0.1856	0.0232	0.0198	0.0164	0.0140	16	32
15.00	-4.85	-6.00	08:08:08	328	65.82	93.75	0.0643	-0.2134	0.2115	0.2059	0.0229	0.0223	0.0162	0.0158	12	22
15.00	-4.35	-6.00	08:08:25	306	61.89	88.43	0.0948	-0.2232	0.2340	0.2100	0.0263	0.0236	0.0186	0.0167	16	25
15.00	-3.85	-6.00	08:08:42	300	60.41	87.23	0.0586	-0.2109	0.2327	0.1928	0.0264	0.0219	0.0187	0.0155	12	28
15.00	-3.35	-6.00	08:08:59	320	64.70	92.94	0.0313	-0.1933	0.2241	0.2066	0.0246	0.0227	0.0174	0.0160	12	32
15.00	-2.85	-6.00	08:09:17	330	66.21	95.11	0.0193	-0.1602	0.2193	0.1981	0.0237	0.0214	0.0168	0.0151	16	28
15.00	-2.35	-6.00	08:09:34	287	57.50	93.75	-0.0186	-0.1292	0.2255	0.1875	0.0261	0.0217	0.0185	0.0154	12	25
15.00	-1.85	-6.00	08:09:51	284	57.01	94.30	-0.0880	-0.1209	0.2268	0.1672	0.0264	0.0195	0.0187	0.0138	12	25
15.00	-1.35	-6.00	08:10:09	295	59.49	96.60	-0.1294	-0.0737	0.2076	0.1498	0.0237	0.0171	0.0168	0.0121	16	25
15.00	-0.85	-6.00	08:10:26	302	60.67	94.72	-0.1686	-0.0444	0.1972	0.1439	0.0223	0.0163	0.0158	0.0115	16	28
15.00	-0.35	-6.00	08:10:44	237	47.98	92.10	-0.1356	-0.0016	0.2198	0.1423	0.0280	0.0182	0.0198	0.0128	16	28
15.00	0.15	-6.00	08:11:02	256	51.40	93.83	-0.1360	0.0590	0.2022	0.1645	0.0248	0.0202	0.0175	0.0143	12	28
15.00	0.65	-6.00	08:11:19	243	49.07	92.99	-0.1090	0.0718	0.2264	0.1472	0.0285	0.0185	0.0202	0.0131	16	22
15.00	1.15	-6.00	08:11:36	321	64.38	90.28	-0.1094	0.1176	0.2230	0.1704	0.0244	0.0187	0.0173	0.0132	16	28
15.00	1.65	-6.00	08:11:53	288	58.34	79.33	-0.0399	0.1302	0.2272	0.1958	0.0263	0.0227	0.0186	0.0160	12	25
15.00	2.15	-6.00	08:12:10	289	58.64	94.08	0.0035	0.1729	0.2271	0.2027	0.0262	0.0234	0.0185	0.0166	16	32
15.00	2.65	-6.00	08:12:28	249	50.34	92.36	0.0145	0.1703	0.2525	0.1905	0.0314	0.0237	0.0222	0.0168	12	25
15.00	3.15	-6.00	08:12:46	262	52.57	87.29	0.0800	0.2215	0.2550	0.2163	0.0309	0.0262	0.0219	0.0186	12	22
15.00	3.65	-6.00	08:13:03	275	55.28	94.96	0.0915	0.2125	0.2465	0.2041	0.0292	0.0242	0.0206	0.0171	12	25
15.00	4.15	-6.00	08:13:20	321	64.28	94.87	0.0761	0.2192	0.2198	0.1957	0.0241	0.0214	0.0170	0.0152	16	22
15.00	4.65	-6.00	08:13:37	288	57.96	95.10	0.0587	0.2660	0.2281	0.2069	0.0264	0.0239	0.0187	0.0169	16	32
15.00	5.15	-6.00	08:13:54	304	60.83	95.28	0.0623	0.2985	0.1914	0.1788	0.0216	0.0201	0.0152	0.0142	19	25
15.00	5.65	-6.00	08:14:12	347	69.52	95.00	0.0609	0.2684	0.1951	0.1987	0.0206	0.0209	0.0145	0.0148	16	28
15.00	6.15	-6.00	08:14:29	346	69.43	92.26	0.0665	0.2734	0.2057	0.1997	0.0217	0.0211	0.0154	0.0149	16	25
15.00	6.65	-6.00	08:14:47	290	58.30	92.98	0.0702	0.2288	0.2165	0.2120	0.0250	0.0244	0.0177	0.0173	16	35
15.00	7.15	-6.00	08:15:04	298	59.81	95.45	0.0816	0.2101	0.1997	0.2375	0.0227	0.0270	0.0161	0.0191	12	28
15.00	7.15	-6.50	08:15:21	337	67.59	93.09	0.0366	0.2725	0.2333	0.2015	0.0249	0.0215	0.0176	0.0152	16	25
15.00	6.65	-6.50	08:15:39	346	69.37	94.15	0.0234	0.2759	0.2277	0.1995	0.0240	0.0211	0.0170	0.0149	16	22
15.00	6.15	-6.50	08:15:57	283	56.76	91.93	0.0383	0.2878	0.2009	0.1957	0.0235	0.0228	0.0166	0.0162	16	28
15.00	5.65	-6.50	08:16:15	305	61.45	93.08	0.0382	0.2888	0.2058	0.1914	0.0231	0.0215	0.0164	0.0152	19	28
15.00	5.15	-6.50	08:16:33	337	68.01	92.73	0.0817	0.2577	0.2235	0.1897	0.0239	0.0203	0.0169	0.0143	16	32
15.00	4.65	-6.50	08:16:50	314	63.27	93.67	0.0704	0.2669	0.2459	0.2167	0.0272	0.0240	0.0193	0.0170	12	41
15.00	4.15	-6.50	08:17:07	314	63.19	91.77	0.0615	0.2749	0.2235	0.1919	0.0248	0.0213	0.0175	0.0150	12	48
15.00	3.65	-6.50	08:17:25	311	62.25	91.44	0.0306	0.2755	0.2491	0.1904	0.0277	0.0212	0.0196	0.0150	9	35
15.00	3.15	-6.50	08:17:42	251	50.42	94.20	0.0166	0.2246	0.2377	0.2104	0.0295	0.0261	0.0208	0.0184	12	32
15.00	2.65	-6.50	08:18:00	293	59.35	92.63	0.0263	0.2306	0.2409	0.2249	0.0276	0.0258	0.0195	0.0182	16	22
15.00	2.15	-6.50	08:18:17	252	50.63	90.47	-0.0348	0.2364	0.2461	0.1865	0.0304	0.0231	0.0215	0.0163	16	48
15.00	1.65	-6.50	08:18:36	261	53.30	94.58	-0.0222	0.1696	0.2307	0.2062	0.0280	0.0251	0.0198	0.0177	12	28
15.00	1.15	-6.50	08:18:53	273	54.71	96.22	-0.0936	0.1521	0.2329	0.1793	0.0277	0.0213	0.0196	0.0151	12	28
15.00	0.65	-6.50	08:19:10	276	56.12	96.16	-0.0836	0.1229	0.2339	0.1628	0.0276	0.0192	0.0195	0.0136	12	25
15.00	0.15	-6.50	08:19:27	206	41.98	93.71	-0.1272	0.0574	0.2538	0.1698	0.0347	0.0232	0.0246	0.0164	16	38
15.00	-0.35	-6.50	08:19:45	214	43.09	94.34	-0.1435	0.0287	0.2499	0.1550	0.0336	0.0208	0.0237	0.0147	12	35
15.00	-0.85	-6.50	08:20:03	258	52.42	93.48	-0.1042	-0.0423	0.2742	0.1668	0.0335	0.0204	0.0237	0.0144	16	41
15.00	-1.35	-6.50	08:20:20	273	55.50	93.88	-0.0935	-0.0970	0.2416	0.1745	0.0287	0.0207	0.0203	0.0147	16	35
15.00	-1.85	-6.50	08:20:37	297	59.95	94.50	-0.0534	-0.1561	0.2298	0.1736	0.0262	0.0198	0.0185	0.0140	12	25
15.00	-2.35	-6.50	08:20:55	266	54.11	92.23	0.0006	-0.1807	0.2155	0.1820	0.0259	0.0219	0.0183	0.0155	12	25
15.00	-2.85	-6.50	08:21:12	307	61.48	94.78	0.0232	-0.2117	0.2275	0.1760	0.0255	0.0197	0.0180	0.0139	12	25
15.00	-3.35	-6.50	08:21:29	296	59.64	92.53	0.0254	-0.2263	0.2416	0.2040	0.0276	0.0233	0.0195	0.0165	16	28
15.00	-3.85	-6.50	08:21:47	328	65.73	92.56	0.0468	-0.2332	0.2252	0.1924	0.0244	0.0208	0.0173	0.0147	12	22
15.00	-4.35	-6.50	08:22:05	264	54.13	93.65	0.0198	-0.2269	0.2322	0.2102	0.0281	0.0254	0.0198	0.0180	16	25
15.00	-4.85	-6.50	08:22:22	323	64.87	89.98	0.0534	-0.2652	0.2491	0.2022	0.0272	0.0221	0.0192	0.0156	19	28
15.00	-5.35	-6.50	08:22:39	305	61.22	93.71	0.0475	-0.2568	0.2278	0.1972	0.0256	0.0222	0.0181	0.0157	16	28
15.00	-5.85	-6.50	08:22:56	290	58.03	92.37	0.0254	-0.2531	0.2147	0.1997	0.0248	0.0230	0.0175	0.0163	12	25
15.00	-6.35	-6.50	08:23:13	322	65.20	94.23	0.0375	-0.2549	0.2019	0.2013	0.0221	0.0220	0.0156	0.0156	16	22
15.00	-6.85	-6.50	08:23:31	308	62.31	94.35	-0.0069	-0.2728	0.2210	0.2093	0.0247	0.0234	0.0175	0.0166	16	22
15.00	-6.85	-7.00	08:23:48	311	63.14	93.79	0.0210	-0.2854	0.2036	0.1911	0.0227	0.0213	0.0160	0.0150	19	28
15.00	-6.35	-7.00	08:24:05	280	56.47	93.25	0.0146	-0.2897	0.1991	0.1893	0.0234	0.0222	0.0165	0.0157	16	25
15.00	-5.85	-7.00	08:24:22	311	62.57	91.08	0.0085	-0.2826	0.2195	0.1810	0.0244	0.0201	0.0173	0.0142	12	25
15.00	-5.35	-7.00	08:24:39	296	59.67	93.92	0.0067	-0.2787	0.2316	0.2173	0.0264	0.0248	0.0187	0.0175	16	35
15.00	-4.85	-7.00	08:24:57	273	55.06	80.41	0.0363	-0.2954	0.2417	0.2106	0.0287	0.0250	0.0203	0.0177	16	25
15.00	-4.35	-7.00	08:25:15	255	51.06	93.72	0.0368	-0.2610	0.2604	0.2029	0.0320	0.0249	0.0226	0.0176	16	28
15.00	-3.85	-7.00	08:25:32	275	55.83	91.22	0.0515	-0.2827	0.2283	0.1991	0.0270	0.0236	0.0191	0.0167	16	25
15.00	-3.35	-7.00	08:25:49	283	57.32	94.50	0.0246	-0.2386	0.2445	0.1904	0.0285	0.0222	0.0202	0.0157	12	25
15.00	-2.85	-7.00	08:26:06	272	54.40	94.30	0.0548	-0.2505	0.2465	0.1762	0.0293	0.0210	0.0208	0.0148	16	22
15.00	-2.35	-7.00	08:26:23	272	54.92	86.48	0.0134	-0.2265	0.2490	0.1756	0.0296	0.0209	0.0210	0.0148	12	57
15.00	-1.85	-7.00	08:26:41	281	56.60	88.31	-0.0320	-0.1539	0.2372	0.1753	0.0278	0.0205	0.0196	0.0145	12	28
15.00	-1.35	-7.00	08:26:58	262	52.71	95.74	-0.0568	-0.1307	0.2703	0.1735	0.0328	0.0210	0.0232	0.0149	16	32
15.00	-0.85	-7.00	08:27:15	240	49.45	93.55	-0.0657	-0.0491	0.2982	0.1724	0.0378	0.0219	0.0267	0.0155	22	35
15.00	-0.35	-7.00	08:27:32	252	50.97	93.84	-0.0969	0.0286	0.2704	0.1597	0.0335	0.0198	0.0237	0.0140	12	32
15.00	0.15	-7.00	08:27:49	199	40.05	96.09	-0.0512	0.0668	0.2862	0.1717	0.0399	0.0239	0.0282	0.0169	19	32
15.00	0.65	-7.00	08:28:07	229	45.90	86.05	-0.0547	0.1624	0.2754	0.1708	0.0358	0.0222	0.0253	0.0157	12	22
15.00	1.15	-7.00	08:28:24	245	49.05	95.25	-0.0752	0.1923	0.2694	0.1674	0.0338	0.0210	0.0239	0.0149	16	32
15.00	1.65	-7.00	08:28:41	263	52.80	94.29	-0.0353	0.2299	0.2400	0.1886	0.0291	0.0228	0.0205	0.0162	12	25
15.00	2.15	-7.00	08:28:58	304	61.45	93.71	-0.0177	0.2415	0.2430	0.1861	0.0274	0.0210	0.0193	0.0148	16	25
15.00	2.65	-7.00	08:29:15	303	60.88	96.39	0.0187	0.2689	0.2358	0.1910	0.0266	0.0215	0.0188	0.0152	12	22
15.00	3.15	-7.00	08:29:34	285	57.12	96.79	0.0400	0.2809	0.2390	0.2243	0.0278	0.0261	0.0197	0.0184	12	22
15.00	3.65	-7.00	08:29:52	314	63.20	95.18	0.0094	0.2630	0.2554	0.2023	0.0283	0.0224	0.0200	0.0158	16	25
15.00	4.15	-7.00	08:30:09	303	60.82	93.37	0.0139	0.2911	0.2427	0.2209	0.0274	0.0249	0.0194	0.0176	16	32
15.00	4.65	-7.00	08:30:26	335	67.16	93.89	0.0263	0.2974	0.2421	0.2110	0.0260	0.0226	0.0184	0.0160	12	28
15.00	5.15	-7.00	08:30:43	305	61.37	94.59	0.0242	0.2841	0.2137	0.1768	0.0240	0.0199	0.0170	0.0141	16	28
15.00	5.65	-7.00	08:31:00	326	65.35	95.41	0.0413	0.2965	0.2257	0.1903	0.0245	0.0207	0.0174	0.0146	19	25
15.00	6.15	-7.00	08:31:18	292	58.77	95.94	0.0237	0.2965	0.2112	0.1737	0.0243	0.0200	0.0172	0.0141	19	25
15.00	6.65	-7.00	08:31:35	317	64.50	93.01	0.0371	0.2933	0.2351	0.1879	0.0259	0.0207	0.0183	0.0147	19	25
15.00	7.15	-7.00	08:31:53	354	71.00	93.51	0.0088	0.2661	0.2169	0.2043	0.0226	0.0213	0.0160	0.0151	22	22
15.00	7.15	-7.50	08:32:10	320	64.17	91.51	-0.0222	0.2610	0.2118	0.2197	0.0232	0.0241	0.0164	0.0170	16	32
15.00	6.65	-7.50	08:32:27	298	59.93	91.01	-0.0100	0.2798	0.2091	0.2180	0.0238	0.0248	0.0168	0.0175	12	28
15.00	6.15	-7.50	08:32:45	278	56.19	93.90	0.0063	0.2859	0.2267	0.2181	0.0267	0.0257	0.0189	0.0182	16	28
15.00	5.65	-7.50	08:33:02	348	69.94	86.73	-0.0041	0.2997	0.2199	0.1968	0.0231	0.0207	0.0164	0.0146	16	22
15.00	5.15	-7.50	08:33:20	354	71.42	94.66	-0.0091	0.2695	0.2056	0.1919	0.0214	0.0200	0.0152	0.0142	16	22
15.00	4.65	-7.50	08:33:37	302	60.73	88.15	-0.0090	0.2823	0.2263	0.2184	0.0256	0.0247	0.0181	0.0174	16	22
15.00	4.15	-7.50	08:33:54	289	58.12	82.84	-0.0468	0.2477	0.2542	0.2079	0.0294	0.0240	0.0208	0.0170	16	22
15.00	3.65	-7.50	08:34:11	350	70.37	92.16	0.0303	0.2862	0.2523	0.2170	0.0265	0.0228	0.0187	0.0161	16	22
15.00	3.15	-7.50	08:34:28	332	67.02	88.86	0.0309	0.3021	0.2689	0.2014	0.0290	0.0217	0.0205	0.0153	12	22
15.00	2.65	-7.50	08:34:46	270	54.23	96.40	0.0290	0.2874	0.2397	0.1888	0.0286	0.0226	0.0203	0.0160	12	25
15.00	2.15	-7.50	08:35:04	251	50.72	92.55	-0.0047	0.2467	0.2454	0.1987	0.0304	0.0246	0.0215	0.0174	12	25
15.00	1.65	-7.50	08:35:21	260	52.15	88.57	0.0162	0.2613	0.2491	0.1918	0.0303	0.0234	0.0215	0.0165	16	25
15.00	1.15	-7.50	08:35:38	271	54.25	94.21	-0.0247	0.2045	0.2449	0.1756	0.0292	0.0210	0.0207	0.0148	16	25
15.00	0.65	-7.50	08:35:55	242	49.15	91.09	0.0182	0.1758	0.2743	0.1699	0.0346	0.0215	0.0245	0.0152	16	25
15.00	0.15	-7.50	08:36:12	239	48.11	96.91	0.0353	0.0970	0.2899	0.1665	0.0368	0.0212	0.0260	0.0150	16	25
15.00	-0.35	-7.50	08:36:29	213	43.10	89.89	0.0352	-0.0013	0.2933	0.1556	0.0395	0.0209	0.0279	0.0148	16	22
15.00	-0.85	-7.50	08:36:46	277	56.02	87.25	0.0255	-0.0654	0.2989	0.1779	0.0353	0.0210	0.0249	0.0148	19	32
15.00	-1.35	-7.50	08:37:03	267	53.35	95.46	0.0353	-0.1236	0.2768	0.1638	0.0333	0.0197	0.0235	0.0139	16	25
15.00	-1.85	-7.50	08:37:21	273	55.20	96.80	0.0629	-0.2103	0.2398	0.1763	0.0285	0.0210	0.0202	0.0148	12	28
15.00	-2.35	-7.50	08:37:38	274	55.41	94.20	0.0214	-0.2132	0.2344	0.1930	0.0278	0.0229	0.0197	0.0162	12	25
15.00	-2.85	-7.50	08:37:56	255	51.99	82.77	0.0571	-0.2328	0.2428	0.1933	0.0299	0.0238	0.0211	0.0168	12	25
15.00	-3.35	-7.50	08:38:13	242	48.66	90.49	0.0431	-0.2541	0.2440	0.2035	0.0308	0.0257	0.0218	0.0182	12	28
15.00	-3.85	-7.50	08:38:30	315	63.89	90.11	0.0141	-0.2372	0.2453	0.2262	0.0271	0.0250	0.0192	0.0177	12	22
15.00	-4.35	-7.50	08:38:47	304	61.29	91.53	0.0021	-0.2852	0.2351	0.2180	0.0265	0.0245	0.0187	0.0174	12	22
15.00	-4.85	-7.50	08:39:04	303	60.91	93.60	0.0113	-0.2744	0.2312	0.2128	0.0261	0.0240	0.0184	0.0170	16	22
15.00	-5.35	-7.50	08:39:22	337	67.46	92.27	0.0019	-0.2664	0.2356	0.2054	0.0252	0.0220	0.0178	0.0155	16	22
15.00	-5.85	-7.50	08:39:39	337	67.89	95.70	0.0185	-0.2644	0.2202	0.2028	0.0236	0.0217	0.0167	0.0153	12	22
15.00	-6.35	-7.50	08:39:56	334	68.36	94.92	-0.0055	-0.2604	0.1898	0.2089	0.0204	0.0224	0.0144	0.0159	19	22
15.00	-6.85	-7.50	08:40:14	321	64.24	92.23	0.0062	-0.3003	0.2003	0.1718	0.0219	0.0188	0.0155	0.0133	12	25
15.00	-6.85	-8.00	08:40:31	287	57.86	91.21	-0.0388	-0.2616	0.1976	0.2269	0.0229	0.0263	0.0162	0.0186	16	28
15.00	-6.35	-8.00	08:40:49	298	59.97	93.42	-0.0122	-0.2890	0.2027	0.2063	0.0231	0.0235	0.0163	0.0166	16	28
15.00	-5.85	-8.00	08:41:06	325	66.08	94.79	-0.0192	-0.2875	0.2229	0.1949	0.0243	0.0212	0.0172	0.0150	16	28
15.00	-5.35	-8.00	08:41:23	320	64.59	94.64	-0.0280	-0.2589	0.2135	0.2212	0.0234	0.0243	0.0166	0.0172	12	25
15.00	-4.85	-8.00	08:41:40	341	69.14	93.06	-0.0463	-0.2319	0.2337	0.2082	0.0248	0.0221	0.0176	0.0157	12	28
15.00	-4.35	-8.00	08:41:58	290	58.31	81.48	-0.0085	-0.2420	0.2524	0.2117	0.0291	0.0244	0.0206	0.0173	12	25
15.00	-3.85	-8.00	08:42:15	315	63.31	84.70	0.0129	-0.2196	0.2340	0.2095	0.0259	0.0232	0.0183	0.0164	12	25
15.00	-3.35	-8.00	08:42:33	339	68.32	92.83	0.0191	-0.2567	0.2500	0.2088	0.0266	0.0223	0.0188	0.0157	12	22
15.00	-2.85	-8.00	08:42:50	257	51.93	92.83	0.0448	-0.2340	0.2294	0.1980	0.0281	0.0243	0.0199	0.0172	16	22
15.00	-2.35	-8.00	08:43:07	273	54.89	95.32	0.0774	-0.2005	0.2429	0.1862	0.0289	0.0221	0.0204	0.0156	12	25
15.00	-1.85	-8.00	08:43:24	229	45.94	93.54	0.0481	-0.1721	0.2639	0.2046	0.0342	0.0266	0.0242	0.0188	16	22
15.00	-1.35	-8.00	08:43:41	254	51.04	93.39	0.0699	-0.1095	0.2675	0.1786	0.0330	0.0220	0.0233	0.0156	16	25
15.00	-0.85	-8.00	08:43:59	281	56.42	95.01	0.0550	-0.0715	0.2654	0.1798	0.0311	0.0211	0.0220	0.0149	16	22
15.00	-0.35	-8.00	08:44:17	241	48.58	96.41	0.0780	0.0160	0.2909	0.1651	0.0368	0.0209	0.0260	0.0148	16	19
15.00	0.15	-8.00	08:44:34	225	45.51	94.67	0.0943	0.0640	0.2753	0.1728	0.0360	0.0226	0.0255	0.0160	12	22
15.00	0.65	-8.00	08:44:51	275	56.49	93.97	0.0533	0.1530	0.2751	0.1807	0.0326	0.0214	0.0230	0.0151	12	22
15.00	1.15	-8.00	08:45:08	260	52.52	93.71	0.0428	0.2095	0.2441	0.1818	0.0297	0.0221	0.0210	0.0157	12	22
15.00	1.65	-8.00	08:45:25	284	57.47	93.55	0.0224	0.2058	0.2634	0.1970	0.0307	0.0230	0.0217	0.0162	12	22
15.00	2.15	-8.00	08:45:43	290	58.40	94.34	0.0331	0.2371	0.2168	0.2084	0.0250	0.0240	0.0177	0.0170	16	28
15.00	2.65	-8.00	08:46:00	319	64.48	92.01	0.0136	0.2605	0.2387	0.2113	0.0262	0.0232	0.0186	0.0164	16	22
15.00	3.15	-8.00	08:46:17	332	67.68	93.42	0.0201	0.2833	0.2400	0.2167	0.0259	0.0233	0.0183	0.0165	16	32
15.00	3.65	-8.00	08:46:35	323	64.92	95.80	-0.0303	0.2448	0.2600	0.2143	0.0284	0.0234	0.0201	0.0166	12	25
15.00	4.15	-8.00	08:46:52	290	58.18	92.51	-0.0225	0.2638	0.2297	0.2447	0.0265	0.0282	0.0187	0.0200	16	25
15.00	4.65	-8.00	08:47:10	283	56.85	91.44	-0.0191	0.2966	0.2296	0.2044	0.0268	0.0239	0.0190	0.0169	16	28
15.00	5.15	-8.00	08:47:27	317	63.46	92.18	-0.0198	0.2750	0.2188	0.2098	0.0241	0.0231	0.0171	0.0164	19	32
15.00	5.65	-8.00	08:47:45	257	51.96	92.74	-0.0137	0.2927	0.1892	0.2090	0.0232	0.0256	0.0164	0.0181	16	25
15.00	6.15	-8.00	08:48:02	296	59.51	92.88	-0.0260	0.2771	0.2010	0.2205	0.0229	0.0252	0.0162	0.0178	19	35
15.00	6.65	-8.00	08:48:19	298	60.03	92.76	-0.0342	0.2443	0.2089	0.2436	0.0238	0.0277	0.0168	0.0196	16	25
15.00	7.15	-8.00	08:48:36	323	65.21	88.68	-0.0610	0.2122	0.2221	0.2301	0.0243	0.0251	0.0172	0.0178	19	32
15.00	6.15	-8.50	08:48:56	253	50.75	78.49	-0.0721	0.2084	0.2338	0.2741	0.0289	0.0338	0.0204	0.0239	656	22
15.00	5.65	-8.50	08:49:13	343	69.07	88.12	-0.0538	0.2308	0.2450	0.2729	0.0260	0.0289	0.0184	0.0205	19	22
15.00	5.15	-8.50	08:49:30	328	65.69	90.97	-0.0358	0.3079	0.2262	0.2327	0.0245	0.0252	0.0173	0.0178	16	22
15.00	4.65	-8.50	08:49:48	349	70.21	92.90	-0.0114	0.2873	0.2201	0.1944	0.0231	0.0204	0.0164	0.0144	22	25
15.00	4.15	-8.50	08:50:06	317	63.58	95.66	-0.0580	0.2692	0.2262	0.1894	0.0249	0.0209	0.0176	0.0148	19	19
15.00	3.65	-8.50	08:50:24	307	61.46	87.46	-0.0604	0.2561	0.2224	0.2190	0.0249	0.0245	0.0176	0.0174	16	25
15.00	3.15	-8.50	08:50:41	353	70.91	93.81	-0.0582	0.2275	0.2331	0.2198	0.0243	0.0230	0.0172	0.0162	12	22
15.00	2.65	-8.50	08:50:58	352	70.72	92.71	-0.0247	0.2118	0.2305	0.2286	0.0241	0.0239	0.0171	0.0169	19	22
15.00	2.15	-8.50	08:51:15	319	63.84	92.69	-0.0178	0.2258	0.2391	0.2009	0.0263	0.0221	0.0186	0.0156	12	19
15.00	1.65	-8.50	08:51:32	238	48.43	80.89	0.0384	0.2122	0.2602	0.2036	0.0331	0.0259	0.0234	0.0183	16	28
15.00	1.15	-8.50	08:51:50	209	42.49	94.32	0.0458	0.1639	0.2455	0.1858	0.0334	0.0253	0.0236	0.0179	16	25
15.00	0.65	-8.50	08:52:08	196	40.06	83.74	0.0952	0.1226	0.2529	0.1756	0.0355	0.0247	0.0251	0.0174	16	22
15.00	0.15	-8.50	08:52:25	218	44.10	93.51	0.1239	0.0631	0.2360	0.1716	0.0314	0.0228	0.0222	0.0161	12	22
15.00	-0.35	-8.50	08:52:42	214	43.10	93.08	0.2101	0.0134	0.2256	0.1546	0.0303	0.0208	0.0214	0.0147	16	19
15.00	-0.85	-8.50	08:52:59	279	56.43	87.18	0.1480	-0.0408	0.2183	0.1567	0.0257	0.0184	0.0181	0.0130	19	22
15.00	-1.35	-8.50	08:53:16	248	49.90	94.22	0.0901	-0.0984	0.2521	0.1773	0.0314	0.0221	0.0222	0.0156	16	25
15.00	-1.85	-8.50	08:53:34	241	48.36	93.49	0.0875	-0.1362	0.2229	0.2082	0.0282	0.0263	0.0199	0.0186	12	19
15.00	-2.35	-8.50	08:53:51	257	51.70	93.64	0.0655	-0.1783	0.2415	0.2016	0.0296	0.0247	0.0209	0.0175	16	25
15.00	-2.85	-8.50	08:54:09	257	52.04	94.50	0.0109	-0.1677	0.2486	0.2122	0.0305	0.0260	0.0215	0.0184	19	28
15.00	-3.35	-8.50	08:54:26	291	58.51	95.12	0.0035	-0.1777	0.2331	0.2059	0.0268	0.0237	0.0190	0.0168	16	22
15.00	-3.85	-8.50	08:54:43	324	64.92	92.08	-0.0140	-0.2092	0.2231	0.2141	0.0243	0.0234	0.0172	0.0165	12	22
15.00	-4.35	-8.50	08:55:00	361	72.79	93.35	-0.0392	-0.2117	0.2234	0.2191	0.0231	0.0226	0.0163	0.0160	16	25
15.00	-4.85	-8.50	08:55:18	322	64.54	91.54	-0.0329	-0.2207	0.2024	0.2035	0.0221	0.0223	0.0157	0.0157	12	22
15.00	-5.35	-8.50	08:55:35	308	62.66	82.08	-0.0612	-0.2690	0.1980	0.1728	0.0221	0.0193	0.0157	0.0137	22	25
15.00	-5.85	-8.50	08:55:52	346	69.36	91.99	-0.0264	-0.2453	0.2017	0.2275	0.0213	0.0240	0.0151	0.0170	22	22
15.00	-3.85	-9.00	08:56:17	291	58.65	96.24	-0.0194	-0.1962	0.2044	0.1924	0.0235	0.0221	0.0166	0.0157	22	22
15.00	-3.35	-9.00	08:56:34	247	49.89	94.14	-0.0325	-0.1956	0.2389	0.2178	0.0299	0.0272	0.0211	0.0192	19	25
15.00	-2.85	-9.00	08:56:51	268	53.90	96.05	0.0306	-0.1703	0.2200	0.1920	0.0264	0.0230	0.0187	0.0163	16	22
15.00	-2.35	-9.00	08:57:08	226	45.31	92.81	0.0623	-0.1650	0.2245	0.1885	0.0293	0.0246	0.0207	0.0174	16	22
15.00	-1.85	-9.00	08:57:25	256	51.85	90.33	0.0982	-0.1291	0.2156	0.1805	0.0265	0.0222	0.0187	0.0157	19	22
15.00	-1.35	-9.00	08:57:43	222	44.55	92.87	0.1456	-0.0815	0.1835	0.1546	0.0242	0.0204	0.0171	0.0144	16	22
15.00	-0.85	-9.00	08:58:00	208	41.75	97.08	0.1785	-0.0687	0.1988	0.1368	0.0271	0.0186	0.0192	0.0132	19	22
15.00	-0.35	-9.00	08:58:17	206	41.81	90.55	0.2193	-0.0079	0.1863	0.1506	0.0255	0.0206	0.0180	0.0146	19	22
15.00	0.15	-9.00	08:58:34	208	42.12	95.11	0.1405	0.0341	0.2534	0.1681	0.0345	0.0229	0.0244	0.0162	12	19
15.00	0.65	-9.00	08:58:52	221	44.69	96.71	0.1548	0.0886	0.2168	0.1523	0.0286	0.0201	0.0203	0.0142	16	19
15.00	1.15	-9.00	08:59:09	228	45.75	95.91	0.0907	0.1197	0.2379	0.1591	0.0309	0.0207	0.0219	0.0146	16	25
15.00	1.65	-9.00	08:59:26	226	46.05	97.89	0.0533	0.1436	0.2315	0.1920	0.0303	0.0251	0.0214	0.0177	16	19
15.00	2.15	-9.00	08:59:43	195	39.01	86.26	0.0249	0.1858	0.1925	0.1931	0.0271	0.0272	0.0192	0.0192	19	28
15.00	2.65	-9.00	09:00:00	276	55.54	92.17	-0.0250	0.1727	0.2343	0.2117	0.0277	0.0250	0.0196	0.0177	19	22
15.00	3.15	-9.00	09:00:18	311	62.27	93.13	-0.0600	0.2249	0.2257	0.2052	0.0251	0.0228	0.0178	0.0162	19	19
15.00	3.65	-9.00	09:00:35	267	54.42	93.30	-0.0513	0.2272	0.2051	0.1930	0.0247	0.0232	0.0174	0.0164	16	22
15.00	4.15	-9.00	09:00:52	287	57.87	84.35	-0.0780	0.2491	0.2226	0.2293	0.0258	0.0266	0.0182	0.0188	16	22
15.00	3.65	-9.50	09:01:10	263	53.52	85.81	-0.1019	0.2313	0.2305	0.2538	0.0279	0.0307	0.0197	0.0217	67	25
15.00	3.15	-9.50	09:01:27	269	53.88	92.28	-0.0848	0.2009	0.1974	0.1733	0.0236	0.0207	0.0167	0.0147	44	25
15.00	2.65	-9.50	09:01:44	218	44.33	92.88	-0.0314	0.1658	0.1946	0.1996	0.0259	0.0266	0.0183	0.0188	19	38
15.00	2.15	-9.50	09:02:02	228	45.71	92.91	-0.0115	0.1598	0.2214	0.1987	0.0288	0.0258	0.0204	0.0183	19	25
15.00	1.65	-9.50	09:02:20	227	46.49	95.19	0.0553	0.1485	0.2048	0.1775	0.0267	0.0231	0.0189	0.0164	16	19
15.00	1.15	-9.50	09:02:38	199	40.27	94.29	0.0734	0.0961	0.2350	0.1565	0.0327	0.0218	0.0231	0.0154	19	22
15.00	0.65	-9.50	09:02:55	210	42.30	92.77	0.1418	0.0723	0.2029	0.1620	0.0275	0.0220	0.0194	0.0155	19	22
15.00	0.15	-9.50	09:03:12	136	27.43	91.58	0.2071	0.0263	0.1730	0.1542	0.0292	0.0260	0.0206	0.0184	32	19
15.00	-0.35	-9.50	09:03:29	195	39.28	94.30	0.2261	0.0031	0.2011	0.1437	0.0283	0.0202	0.0200	0.0143	19	25
15.00	-0.85	-9.50	09:03:47	248	50.15	96.71	0.1750	-0.0333	0.1704	0.1544	0.0212	0.0193	0.0150	0.0136	19	22
15.00	-1.35	-9.50	09:04:04	203	40.63	86.45	0.1790	-0.0654	0.1784	0.1533	0.0246	0.0211	0.0174	0.0149	19	19
15.00	-1.85	-9.50	09:04:21	212	43.22	93.44	0.1409	-0.1034	0.1852	0.1711	0.0250	0.0231	0.0177	0.0163	19	25
15.00	-2.35	-9.50	09:04:38	222	44.87	92.33	0.0623	-0.1239	0.2239	0.1767	0.0295	0.0233	0.0209	0.0165	16	19
15.00	-2.85	-9.50	09:04:55	193	39.82	95.31	0.0082	-0.1607	0.1981	0.1922	0.0280	0.0272	0.0198	0.0192	19	22
15.00	-3.35	-9.50	09:05:13	245	49.51	94.90	-0.0689	-0.1640	0.2132	0.1927	0.0268	0.0242	0.0189	0.0171	19	25
15.00	-2.85	-10.00	09:05:30	202	40.87	97.44	0.0096	-0.1528	0.2117	0.1638	0.0293	0.0226	0.0207	0.0160	22	22
15.00	-2.35	-10.00	09:05:48	175	34.85	91.97	0.0480	-0.1230	0.2038	0.1801	0.0303	0.0268	0.0214	0.0189	12	22
15.00	-1.85	-10.00	09:06:05	168	33.71	96.71	0.1304	-0.1163	0.1925	0.1588	0.0292	0.0241	0.0206	0.0170	16	19
15.00	-1.35	-10.00	09:06:23	161	32.93	96.94	0.1775	-0.0866	0.1630	0.1603	0.0253	0.0248	0.0179	0.0176	16	25
15.00	-0.85	-10.00	09:06:40	245	49.21	91.54	0.2338	-0.0640	0.1735	0.1597	0.0218	0.0200	0.0154	0.0142	12	22
15.00	-0.35	-10.00	09:06:57	240	48.20	97.06	0.2395	-0.0114	0.1909	0.1412	0.0242	0.0179	0.0171	0.0127	16	22
15.00	0.15	-10.00	09:07:14	171	34.49	95.16	0.2201	0.0244	0.1773	0.1433	0.0267	0.0215	0.0189	0.0152	16	25
15.00	0.65	-10.00	09:07:32	231	46.56	95.16	0.1759	0.0404	0.1832	0.1452	0.0237	0.0188	0.0167	0.0133	16	19
15.00	1.15	-10.00	09:07:49	234	47.14	83.53	0.0944	0.0791	0.1924	0.1697	0.0247	0.0218	0.0175	0.0154	16	22
15.00	1.65	-10.00	09:08:06	256	51.45	96.00	0.0673	0.1231	0.2043	0.1895	0.0251	0.0233	0.0177	0.0164	16	25
15.00	2.15	-10.00	09:08:23	225	45.77	95.00	0.0093	0.1380	0.1952	0.1840	0.0256	0.0241	0.0181	0.0170	19	22
15.00	2.65	-10.00	09:08:41	251	50.37	90.34	-0.0331	0.1672	0.1832	0.2113	0.0227	0.0262	0.0161	0.0185	16	32
15.00	2.65	-10.50	09:08:58	265	53.30	83.75	-0.0306	0.1710	0.2279	0.2305	0.0275	0.0278	0.0194	0.0197	112	99
15.00	2.15	-10.50	09:09:15	227	45.60	93.23	0.0020	0.1672	0.2094	0.1727	0.0273	0.0225	0.0193	0.0159	16	19
15.00	1.65	-10.50	09:09:32	246	49.70	94.94	0.0496	0.1216	0.2090	0.1706	0.0262	0.0214	0.0185	0.0151	16	22
15.00	1.15	-10.50	09:09:49	201	40.68	93.53	0.1418	0.0673	0.1735	0.1896	0.0240	0.0263	0.0170	0.0186	16	19
15.00	0.65	-10.50	09:10:07	198	39.83	93.02	0.2031	0.0247	0.1937	0.1648	0.0271	0.0230	0.0191	0.0163	16	22
15.00	0.15	-10.50	09:10:25	221	44.48	96.70	0.2431	0.0496	0.1726	0.1567	0.0228	0.0207	0.0161	0.0146	19	19
15.00	-0.35	-10.50	09:10:43	273	55.18	93.60	0.2555	-0.0078	0.1861	0.1469	0.0221	0.0175	0.0156	0.0123	12	19
15.00	-0.85	-10.50	09:11:00	200	40.71	96.65	0.2433	-0.0424	0.1634	0.1666	0.0227	0.0231	0.0161	0.0164	16	28
15.00	-1.35	-10.50	09:11:17	176	35.41	96.90	0.2245	-0.0793	0.1698	0.1633	0.0252	0.0242	0.0178	0.0171	12	19
15.00	-1.85	-10.50	09:11:34	122	24.43	98.18	0.1423	-0.0925	0.1854	0.1624	0.0330	0.0289	0.0234	0.0205	19	22
15.00	-2.35	-10.50	09:11:52	151	30.69	92.56	0.0486	-0.1139	0.1888	0.1677	0.0302	0.0268	0.0214	0.0190	16	22
15.00	-1.85	-11.00	09:12:10	71	14.28	92.38	0.1519	-0.0718	0.1895	0.2051	0.0444	0.0480	0.0314	0.0340	22	22
15.00	-1.35	-11.00	09:12:27	143	28.76	89.74	0.2105	-0.0534	0.1702	0.1650	0.0280	0.0271	0.0198	0.0192	16	22
15.00	-0.85	-11.00	09:12:45	211	42.36	88.98	0.2424	-0.0316	0.1876	0.1642	0.0254	0.0222	0.0179	0.0157	19	22
15.00	-0.35	-11.00	09:13:03	287	57.79	95.02	0.2807	-0.0002	0.1944	0.1627	0.0225	0.0189	0.0159	0.0133	19	25
15.00	0.15	-11.00	09:13:21	201	40.33	89.15	0.2648	0.0337	0.1953	0.1575	0.0271	0.0218	0.0191	0.0154	16	19
15.00	0.65	-11.00	09:13:38	192	39.01	90.66	0.2071	0.0570	0.1789	0.1544	0.0254	0.0219	0.0179	0.0155	16	25
15.00	1.15	-11.00	09:13:55	215	43.08	96.97	0.1715	0.0633	0.1701	0.1687	0.0228	0.0226	0.0161	0.0160	16	22
15.00	1.65	-11.00	09:14:12	248	49.97	94.25	0.0616	0.0983	0.2131	0.2009	0.0266	0.0251	0.0188	0.0177	19	28
15.00	2.15	-11.00	09:14:29	206	41.64	86.93	-0.0248	0.1292	0.2289	0.2152	0.0313	0.0295	0.0222	0.0208	19	54
15.00	1.65	-11.50	09:14:47	241	48.86	93.92	0.0436	0.1014	0.2247	0.1562	0.0284	0.0198	0.0201	0.0140	19	25
15.00	1.15	-11.50	09:15:04	247	49.60	92.13	0.1419	0.0735	0.1765	0.1740	0.0221	0.0217	0.0156	0.0154	12	19
15.00	0.65	-11.50	09:15:22	178	36.60	97.19	0.2140	0.0683	0.1793	0.1574	0.0264	0.0232	0.0187	0.0164	19	22
15.00	0.15	-11.50	09:15:40	202	41.08	94.49	0.2396	0.0223	0.1847	0.1620	0.0255	0.0224	0.0181	0.0158	19	22
15.00	-0.35	-11.50	09:15:57	281	56.46	94.12	0.2741	-0.0050	0.1833	0.1617	0.0215	0.0189	0.0152	0.0134	19	22
15.00	-0.85	-11.50	09:16:14	242	48.47	94.89	0.2473	-0.0404	0.1792	0.1726	0.0226	0.0218	0.0160	0.0154	16	25
15.00	-1.35	-11.50	09:16:31	151	30.41	92.81	0.1984	-0.0822	0.1813	0.2007	0.0290	0.0321	0.0205	0.0227	12	22
15.00	-1.85	-11.50	09:16:49	115	23.12	95.07	0.1131	-0.0873	0.1836	0.1775	0.0337	0.0326	0.0238	0.0230	16	22
15.00	-1.35	-12.00	09:17:07	196	39.58	89.64	0.2087	-0.0711	0.1901	0.1672	0.0267	0.0235	0.0189	0.0166	16	25
15.00	-0.85	-12.00	09:17:25	285	57.28	91.75	0.2607	-0.0548	0.1919	0.1702	0.0223	0.0198	0.0158	0.0140	16	22
15.00	-0.35	-12.00	09:17:42	295	59.41	94.29	0.2810	0.0150	0.1925	0.1659	0.0220	0.0190	0.0156	0.0134	22	25
15.00	0.15	-12.00	09:17:59	188	38.45	93.76	0.2664	0.0502	0.1772	0.1565	0.0254	0.0224	0.0180	0.0159	19	22
15.00	0.65	-12.00	09:18:16	168	34.19	90.89	0.2022	0.0699	0.1979	0.1557	0.0300	0.0236	0.0212	0.0167	19	28
15.00	1.15	-12.00	09:18:34	224	45.05	94.61	0.1404	0.1138	0.1635	0.1643	0.0215	0.0216	0.0152	0.0152	16	19
15.00	1.65	-12.00	09:18:52	252	50.66	90.22	0.0643	0.1058	0.2119	0.1867	0.0262	0.0231	0.0185	0.0163	19	70
15.00	1.15	-12.50	09:19:09	249	50.00	91.52	0.1388	0.1010	0.2047	0.1632	0.0255	0.0203	0.0180	0.0144	12	19
15.00	0.65	-12.50	09:19:27	204	41.04	95.40	0.2225	0.0709	0.1765	0.1699	0.0243	0.0234	0.0172	0.0165	19	28
15.00	0.15	-12.50	09:19:43	257	52.02	80.86	0.2852	0.0358	0.1882	0.1658	0.0231	0.0203	0.0163	0.0144	16	25
15.00	-0.35	-12.50	09:20:01	258	51.89	93.85	0.2861	0.0076	0.1797	0.1779	0.0220	0.0218	0.0155	0.0154	12	32
15.00	-0.85	-12.50	09:20:19	236	47.49	93.59	0.2851	-0.0434	0.1790	0.1722	0.0229	0.0220	0.0162	0.0156	12	32
15.00	-1.35	-12.50	09:20:36	277	55.52	95.11	0.2086	-0.0320	0.2116	0.1499	0.0250	0.0177	0.0177	0.0125	16	25
15.00	-1.35	-13.00	09:20:54	241	48.71	91.12	0.2538	-0.0741	0.2260	0.1616	0.0286	0.0204	0.0202	0.0145	12	28
15.00	-0.85	-13.00	09:21:11	265	53.17	92.62	0.3001	-0.0285	0.2058	0.1899	0.0248	0.0229	0.0176	0.0162	12	32
15.00	-0.35	-13.00	09:21:28	287	58.61	96.48	0.3307	0.0181	0.1894	0.1770	0.0220	0.0205	0.0155	0.0145	16	35
15.00	0.15	-13.00	09:21:45	284	57.21	95.19	0.3097	0.0318	0.1949	0.1919	0.0227	0.0224	0.0161	0.0158	12	25
15.00	0.65	-13.00	09:22:02	225	45.47	93.25	0.2135	0.0454	0.2089	0.1708	0.0274	0.0224	0.0193	0.0158	16	25
15.00	1.15	-13.00	09:22:20	176	35.49	90.32	0.1545	0.0965	0.2380	0.1724	0.0353	0.0255	0.0249	0.0181	12	22
15.00	1.15	-13.50	09:22:37	172	34.86	82.15	0.1923	0.0954	0.2663	0.1638	0.0399	0.0245	0.0282	0.0174	16	99
15.00	0.65	-13.50	09:22:54	240	49.32	93.11	0.2627	0.0578	0.2469	0.1656	0.0313	0.0210	0.0221	0.0149	22	25
15.00	0.15	-13.50	09:23:11	293	58.95	96.39	0.3502	0.0405	0.2170	0.1852	0.0249	0.0212	0.0176	0.0150	16	25
15.00	-0.35	-13.50	09:23:28	281	56.35	94.94	0.3525	-0.0154	0.2018	0.2055	0.0236	0.0241	0.0167	0.0170	16	38
15.00	-0.85	-13.50	09:23:46	267	53.85	92.47	0.3180	-0.0220	0.2201	0.2086	0.0264	0.0251	0.0187	0.0177	16	25
15.00	-1.35	-13.50	09:24:04	264	53.20	91.98	0.3182	-0.0745	0.2231	0.1982	0.0270	0.0240	0.0191	0.0169	19	25
15.00	-1.35	-14.00	09:24:22	289	58.76	94.41	0.3632	-0.0809	0.2291	0.1696	0.0265	0.0196	0.0187	0.0139	16	25
15.00	-0.85	-14.00	09:24:39	305	61.32	93.01	0.3798	-0.0276	0.2086	0.2089	0.0234	0.0235	0.0166	0.0166	16	25
15.00	-0.35	-14.00	09:24:56	270	54.26	88.34	0.3905	-0.0145	0.2113	0.2112	0.0253	0.0252	0.0179	0.0178	16	35
15.00	0.15	-14.00	09:25:13	273	55.11	93.44	0.3255	0.0106	0.2140	0.1943	0.0254	0.0231	0.0180	0.0163	19	25
15.00	0.65	-14.00	09:25:30	176	35.63	91.17	0.3281	0.0754	0.2474	0.2105	0.0367	0.0312	0.0259	0.0221	16	25
15.00	1.15	-14.00	09:25:48	188	37.72	92.37	0.2520	0.0856	0.2872	0.1860	0.0412	0.0267	0.0291	0.0188	19	35
15.00	1.15	-14.50	09:26:05	233	46.82	88.54	0.2669	0.1009	0.2654	0.1880	0.0342	0.0242	0.0242	0.0171	12	35
15.00	0.65	-14.50	09:26:23	197	39.71	89.60	0.3431	0.0487	0.2381	0.1901	0.0333	0.0266	0.0236	0.0188	16	22
15.00	0.15	-14.50	09:26:40	244	50.00	93.76	0.3979	0.0116	0.2057	0.2152	0.0259	0.0271	0.0183	0.0191	16	22
15.00	-0.35	-14.50	09:26:57	268	54.11	96.22	0.4173	-0.0089	0.2002	0.1864	0.0240	0.0224	0.0170	0.0158	16	28
15.00	-0.85	-14.50	09:27:14	269	53.88	95.76	0.3884	0.0060	0.2038	0.1949	0.0244	0.0233	0.0173	0.0165	16	22
15.00	-1.35	-14.50	09:27:32	284	56.92	95.10	0.3746	-0.0448	0.2300	0.1881	0.0268	0.0219	0.0189	0.0155	16	22
15.00	-1.35	-15.00	09:27:49	291	59.39	96.41	0.4075	-0.0747	0.1842	0.2013	0.0212	0.0232	0.0150	0.0164	16	25
15.00	-0.85	-15.00	09:28:07	286	58.18	91.46	0.4179	-0.0382	0.2036	0.1924	0.0236	0.0223	0.0167	0.0158	16	25
15.00	-0.35	-15.00	09:28:24	253	50.75	94.61	0.3929	-0.0060	0.1975	0.1882	0.0244	0.0232	0.0172	0.0164	16	32
15.00	0.15	-15.00	09:28:41	266	53.77	91.78	0.4070	0.0258	0.2146	0.2163	0.0258	0.0260	0.0183	0.0184	16	22
15.00	0.65	-15.00	09:28:58	234	47.36	95.90	0.3959	0.0295	0.2206	0.1871	0.0283	0.0240	0.0200	0.0170	22	28
15.00	1.15	-15.00	09:29:16	195	39.19	91.52	0.3612	0.0657	0.2483	0.2244	0.0349	0.0316	0.0247	0.0223	19	73
15.00	1.15	-15.50	09:29:33	201	40.94	70.78	0.3432	0.0678	0.2479	0.1879	0.0344	0.0260	0.0243	0.0184	16	28
15.00	0.65	-15.50	09:29:50	216	43.61	96.09	0.3828	0.0461	0.2259	0.2148	0.0302	0.0287	0.0214	0.0203	16	25
15.00	0.15	-15.50	09:30:07	270	54.36	94.38	0.3853	0.0279	0.2248	0.2247	0.0269	0.0269	0.0190	0.0190	16	22
15.00	-0.35	-15.50	09:30:24	286	57.61	93.58	0.3866	0.0122	0.2058	0.2329	0.0239	0.0270	0.0169	0.0191	16	28
15.00	-0.85	-15.50	09:30:42	265	53.39	93.38	0.4036	-0.0223	0.1849	0.1998	0.0223	0.0241	0.0158	0.0170	16	25
15.00	-1.35	-15.50	09:31:00	242	49.14	95.70	0.3965	-0.0316	0.2144	0.2252	0.0271	0.0284	0.0191	0.0201	16	25
15.00	-1.35	-16.00	09:31:17	268	53.85	91.81	0.3848	-0.0429	0.2146	0.2284	0.0257	0.0274	0.0182	0.0194	16	25
15.00	-0.85	-16.00	09:31:34	232	47.00	70.55	0.3948	-0.0257	0.1976	0.2236	0.0255	0.0288	0.0180	0.0204	16	22
15.00	-0.35	-16.00	09:31:51	262	52.50	93.84	0.3726	0.0335	0.2141	0.2579	0.0260	0.0313	0.0184	0.0221	16	22
15.00	0.15	-16.00	09:32:08	292	59.69	92.65	0.3646	0.0413	0.2356	0.2430	0.0271	0.0279	0.0191	0.0197	12	22
15.00	0.65	-16.00	09:32:26	255	51.87	93.74	0.3701	0.0599	0.2101	0.2191	0.0258	0.0270	0.0183	0.0191	22	25
15.00	1.15	-16.00	09:32:43	195	39.17	90.17	0.3597	0.0629	0.2055	0.1913	0.0289	0.0269	0.0205	0.0190	12	32
15.00	1.65	-16.50	09:33:01	210	42.82	91.44	0.2858	0.0921	0.2120	0.1544	0.0287	0.0209	0.0203	0.0148	19	25
15.00	1.15	-16.50	09:33:18	193	39.25	86.04	0.3159	0.0928	0.1976	0.2080	0.0280	0.0294	0.0198	0.0208	12	28
15.00	0.65	-16.50	09:33:35	236	47.25	92.20	0.2980	0.0791	0.2248	0.2321	0.0287	0.0297	0.0203	0.0210	19	28
15.00	0.15	-16.50	09:33:52	244	49.77	92.62	0.3790	0.0353	0.2355	0.2593	0.0296	0.0326	0.0209	0.0231	16	25
15.00	-0.35	-16.50	09:34:10	266	53.24	94.44	0.3695	0.0240	0.2145	0.2196	0.0258	0.0264	0.0183	0.0187	16	19
15.00	-0.85	-16.50	09:34:27	260	52.82	91.48	0.3662	-0.0128	0.2476	0.2452	0.0302	0.0299	0.0213	0.0211	16	22
15.00	-1.35	-16.50	09:34:44	238	48.10	93.80	0.3283	-0.0565	0.2150	0.2283	0.0274	0.0291	0.0194	0.0206	16	25
15.00	-1.85	-17.00	09:35:02	267	53.78	93.86	0.3031	-0.0593	0.2102	0.2161	0.0253	0.0260	0.0179	0.0184	19	28
15.00	-1.35	-17.00	09:35:18	252	50.77	93.60	0.3427	-0.0554	0.2273	0.2337	0.0281	0.0289	0.0199	0.0204	16	22
15.00	-0.85	-17.00	09:35:36	237	48.21	93.14	0.3842	-0.0304	0.2114	0.2563	0.0270	0.0327	0.0191	0.0231	16	22
15.00	-0.35	-17.00	09:35:53	283	56.69	92.92	0.3851	0.0057	0.2283	0.2401	0.0266	0.0280	0.0188	0.0198	16	22
15.00	0.15	-17.00	09:36:10	222	44.93	81.64	0.3534	0.0161	0.2383	0.2305	0.0314	0.0304	0.0222	0.0215	16	22
15.00	0.65	-17.00	09:36:27	238	48.35	96.42	0.2947	0.0674	0.2233	0.2397	0.0284	0.0305	0.0201	0.0216	16	22
15.00	1.15	-17.00	09:36:44	181	36.51	95.23	0.2862	0.1024	0.2081	0.2294	0.0304	0.0335	0.0215	0.0237	19	25
15.00	1.65	-17.00	09:37:02	175	35.15	91.69	0.2854	0.0610	0.1824	0.2026	0.0271	0.0301	0.0192	0.0213	25	32
15.00	2.15	-17.50	09:37:19	219	44.19	92.74	0.2504	0.0552	0.1938	0.1683	0.0257	0.0223	0.0182	0.0158	16	25
15.00	1.65	-17.50	09:37:37	186	37.70	93.77	0.2417	0.0728	0.2235	0.1919	0.0322	0.0276	0.0228	0.0195	19	28
15.00	1.15	-17.50	09:37:54	220	44.09	90.58	0.2514	0.0867	0.2308	0.2218	0.0306	0.0294	0.0216	0.0208	16	25
15.00	0.65	-17.50	09:38:11	247	49.97	94.06	0.3219	0.0503	0.2260	0.2407	0.0282	0.0301	0.0200	0.0213	16	19
15.00	0.15	-17.50	09:38:28	259	52.00	91.21	0.3439	0.0417	0.2191	0.2386	0.0267	0.0291	0.0189	0.0206	16	22
15.00	-0.35	-17.50	09:38:46	255	52.25	94.84	0.4016	0.0165	0.2217	0.2584	0.0273	0.0318	0.0193	0.0225	16	22
15.00	-0.85	-17.50	09:39:03	284	57.61	93.95	0.3432	0.0123	0.2235	0.2311	0.0260	0.0269	0.0184	0.0190	16	19
15.00	-1.35	-17.50	09:39:21	243	49.00	93.76	0.3178	-0.0066	0.2318	0.2339	0.0292	0.0295	0.0206	0.0208	16	22
15.00	-1.85	-17.50	09:39:38	276	55.32	92.13	0.2978	-0.0353	0.2132	0.2218	0.0252	0.0262	0.0178	0.0185	19	19
15.00	-2.35	-18.00	09:39:55	231	46.30	92.96	0.2030	-0.0729	0.2125	0.2089	0.0275	0.0270	0.0194	0.0191	16	28
15.00	-1.85	-18.00	09:40:12	250	50.44	96.37	0.2508	-0.0299	0.2401	0.2233	0.0298	0.0277	0.0211	0.0196	12	19
15.00	-1.35	-18.00	09:40:30	263	52.77	94.72	0.2877	-0.0446	0.2284	0.2306	0.0277	0.0279	0.0196	0.0197	16	19
15.00	-0.85	-18.00	09:40:47	216	44.35	95.09	0.3286	-0.0584	0.2420	0.2069	0.0323	0.0277	0.0229	0.0196	16	22
15.00	-0.35	-18.00	09:41:05	230	46.30	84.79	0.3491	0.0237	0.2137	0.2311	0.0277	0.0299	0.0196	0.0212	16	22
15.00	0.15	-18.00	09:41:22	226	45.66	94.21	0.3291	-0.0134	0.2099	0.2081	0.0274	0.0272	0.0194	0.0192	19	25
15.00	0.65	-18.00	09:41:39	256	51.67	93.37	0.2740	0.0285	0.2234	0.2079	0.0274	0.0255	0.0194	0.0180	16	19
15.00	1.15	-18.00	09:41:56	206	41.77	87.04	0.2213	0.0218	0.2280	0.1998	0.0312	0.0273	0.0221	0.0193	16	22
15.00	1.65	-18.00	09:42:14	154	31.23	91.06	0.2332	0.0231	0.1916	0.2075	0.0304	0.0329	0.0215	0.0232	16	32
15.00	2.15	-18.00	09:42:31	185	37.05	96.57	0.1925	0.0717	0.1668	0.1783	0.0241	0.0258	0.0170	0.0182	16	22
15.00	2.65	-18.00	09:42:50	232	46.95	91.49	0.1820	0.0551	0.1757	0.1555	0.0227	0.0201	0.0160	0.0142	22	25
15.00	2.65	-18.50	09:43:07	181	36.64	97.29	0.1278	0.0795	0.1392	0.1671	0.0203	0.0244	0.0144	0.0173	12	19
15.00	2.15	-18.50	09:43:24	180	36.53	94.76	0.1656	0.0576	0.1825	0.1812	0.0267	0.0266	0.0189	0.0188	16	22
15.00	1.65	-18.50	09:43:41	151	30.50	94.72	0.1962	0.0305	0.1777	0.1919	0.0284	0.0307	0.0201	0.0217	16	22
15.00	1.15	-18.50	09:43:58	216	43.42	88.82	0.2035	0.0491	0.2190	0.2071	0.0293	0.0277	0.0207	0.0196	12	19
15.00	0.65	-18.50	09:44:15	187	37.48	92.38	0.2706	0.0108	0.2200	0.1944	0.0316	0.0279	0.0224	0.0198	16	19
15.00	0.15	-18.50	09:44:33	249	50.27	93.93	0.3207	-0.0020	0.1871	0.2054	0.0233	0.0256	0.0165	0.0181	19	19
15.00	-0.35	-18.50	09:44:50	244	49.13	91.93	0.3300	-0.0016	0.2220	0.2236	0.0279	0.0281	0.0197	0.0199	19	22
15.00	-0.85	-18.50	09:45:07	234	47.42	91.86	0.3425	-0.0074	0.1889	0.2339	0.0243	0.0300	0.0171	0.0212	22	22
15.00	-1.35	-18.50	09:45:24	245	49.55	94.20	0.3089	0.0088	0.2097	0.2346	0.0263	0.0294	0.0186	0.0208	16	22
15.00	-1.85	-18.50	09:45:41	237	47.87	94.84	0.2115	0.0084	0.2351	0.2277	0.0300	0.0291	0.0212	0.0205	16	22
15.00	-2.35	-18.50	09:45:59	219	44.96	81.53	0.2004	-0.0433	0.2248	0.2153	0.0298	0.0286	0.0211	0.0202	19	25
15.00	-2.85	-18.50	09:46:16	224	45.67	91.06	0.1293	-0.0392	0.2124	0.2038	0.0279	0.0267	0.0197	0.0189	19	25
15.00	-3.35	-19.00	09:46:34	225	46.90	88.35	0.1095	-0.0145	0.1914	0.1857	0.0251	0.0243	0.0177	0.0172	16	25
15.00	-2.85	-19.00	09:46:51	198	40.00	96.06	0.1323	-0.0156	0.1792	0.1859	0.0250	0.0260	0.0177	0.0184	12	25
15.00	-2.35	-19.00	09:47:09	223	44.87	91.51	0.1753	0.0091	0.1905	0.2393	0.0251	0.0315	0.0177	0.0223	16	25
15.00	-1.85	-19.00	09:47:26	192	38.56	96.18	0.2428	0.0259	0.2003	0.2405	0.0284	0.0341	0.0201	0.0241	12	19
15.00	-1.35	-19.00	09:47:43	201	40.36	92.88	0.3011	0.0099	0.2214	0.2288	0.0307	0.0317	0.0217	0.0224	16	25
15.00	-0.85	-19.00	09:48:01	259	52.24	94.01	0.3227	0.0033	0.2042	0.2406	0.0249	0.0294	0.0176	0.0208	22	22
15.00	-0.35	-19.00	09:48:18	240	48.37	96.80	0.3174	0.0147	0.2161	0.2434	0.0274	0.0309	0.0194	0.0218	16	25
15.00	0.15	-19.00	09:48:35	211	43.01	94.95	0.3285	-0.0207	0.2044	0.2451	0.0277	0.0331	0.0196	0.0234	19	19
15.00	0.65	-19.00	09:48:53	225	45.59	96.65	0.2730	-0.0564	0.2225	0.2262	0.0291	0.0296	0.0206	0.0209	19	25
15.00	1.15	-19.00	09:49:10	211	42.70	97.55	0.2234	-0.0293	0.2124	0.2047	0.0287	0.0277	0.0203	0.0196	12	22
15.00	1.65	-19.00	09:49:27	130	26.22	91.94	0.1905	-0.0078	0.2011	0.1937	0.0347	0.0334	0.0245	0.0236	12	22
15.00	2.15	-19.00	09:49:45	197	40.36	95.11	0.1615	-0.0126	0.1855	0.1653	0.0260	0.0231	0.0184	0.0164	16	25
15.00	2.65	-19.00	09:50:02	148	29.67	92.23	0.1350	0.0098	0.1531	0.1488	0.0247	0.0240	0.0175	0.0170	16	25
15.00	3.15	-19.00	09:50:21	165	33.11	94.26	0.1304	0.0253	0.1449	0.1620	0.0222	0.0248	0.0157	0.0175	12	22
15.00	3.65	-19.50	09:50:38	176	35.48	95.11	0.0807	-0.0410	0.1709	0.1603	0.0253	0.0237	0.0179	0.0168	16	19
15.00	3.15	-19.50	09:50:55	178	35.70	94.96	0.1124	-0.0550	0.1470	0.1752	0.0217	0.0258	0.0153	0.0183	12	19
15.00	2.65	-19.50	09:51:12	174	35.09	97.27	0.1225	-0.0581	0.1558	0.1619	0.0232	0.0241	0.0164	0.0171	12	19
15.00	2.15	-19.50	09:51:29	169	34.34	73.35	0.1394	-0.0544	0.1538	0.1824	0.0233	0.0276	0.0164	0.0195	12	25
15.00	1.65	-19.50	09:51:48	144	29.32	95.00	0.1452	-0.0344	0.1950	0.1996	0.0320	0.0327	0.0226	0.0231	16	25
15.00	1.15	-19.50	09:52:05	192	39.09	95.47	0.2000	-0.0989	0.1705	0.2038	0.0242	0.0289	0.0171	0.0204	16	22
15.00	0.65	-19.50	09:52:22	217	43.69	96.07	0.2469	-0.0724	0.1950	0.2266	0.0260	0.0302	0.0184	0.0214	19	25
15.00	0.15	-19.50	09:52:39	243	49.11	97.22	0.2974	-0.0588	0.1777	0.2696	0.0224	0.0340	0.0158	0.0240	16	19
15.00	-0.35	-19.50	09:52:56	204	41.26	92.84	0.3523	-0.0017	0.2006	0.2593	0.0276	0.0357	0.0195	0.0252	35	19
15.00	-0.85	-19.50	09:53:13	205	41.20	92.14	0.3156	0.0244	0.1875	0.2534	0.0257	0.0348	0.0182	0.0246	16	19
15.00	-1.35	-19.50	09:53:31	201	40.78	91.50	0.2514	0.0567	0.2000	0.2619	0.0277	0.0363	0.0196	0.0257	19	22
15.00	-1.85	-19.50	09:53:49	228	47.06	92.90	0.2162	0.0977	0.1958	0.2193	0.0255	0.0285	0.0180	0.0202	16	22
15.00	-2.35	-19.50	09:54:07	207	41.71	94.23	0.1603	0.0733	0.1943	0.1950	0.0265	0.0266	0.0188	0.0188	16	22
15.00	-2.85	-19.50	09:54:25	204	41.33	95.02	0.1144	0.0621	0.1753	0.2043	0.0241	0.0281	0.0170	0.0199	12	22
15.00	-3.35	-19.50	09:54:42	180	36.65	97.56	0.0986	0.0364	0.1880	0.1888	0.0275	0.0277	0.0195	0.0196	16	22
15.00	-3.85	-19.50	09:54:59	164	33.16	97.87	0.0906	0.0445	0.1580	0.1547	0.0243	0.0238	0.0172	0.0168	19	25
15.00	-4.35	-19.50	09:55:16	179	36.11	94.54	0.1135	0.0597	0.1711	0.1615	0.0251	0.0237	0.0178	0.0168	16	22
15.00	-5.35	-20.00	09:55:35	176	35.06	93.71	0.0680	0.1147	0.1640	0.1866	0.0243	0.0277	0.0172	0.0196	16	28
15.00	-4.85	-20.00	09:55:53	142	28.64	96.88	0.0809	0.0937	0.1785	0.1801	0.0295	0.0297	0.0208	0.0210	12	28
15.00	-4.35	-20.00	09:56:10	168	34.24	95.91	0.0754	0.1594	0.1784	0.1618	0.0271	0.0245	0.0191	0.0174	12	25
15.00	-3.85	-20.00	09:56:28	168	33.80	97.59	0.0599	0.1516	0.1831	0.1654	0.0278	0.0251	0.0196	0.0177	12	32
15.00	-3.35	-20.00	09:56:46	185	37.17	98.44	0.0723	0.0966	0.1739	0.1818	0.0251	0.0263	0.0178	0.0186	16	32
15.00	-2.85	-20.00	09:57:03	171	34.44	96.90	0.0788	0.1119	0.1684	0.2082	0.0253	0.0313	0.0179	0.0221	12	22
15.00	-2.35	-20.00	09:57:20	185	37.67	96.82	0.1599	0.1104	0.1640	0.2299	0.0237	0.0332	0.0168	0.0235	12	22
15.00	-1.85	-20.00	09:57:37	201	40.12	97.42	0.2064	0.1331	0.1790	0.1997	0.0248	0.0277	0.0175	0.0196	16	22
15.00	-1.35	-20.00	09:57:54	169	34.03	94.12	0.2215	0.0906	0.1791	0.2666	0.0271	0.0403	0.0192	0.0285	19	22
15.00	-0.85	-20.00	09:58:11	228	45.83	94.83	0.2612	0.0450	0.1874	0.2882	0.0244	0.0375	0.0172	0.0265	16	19
15.00	-0.35	-20.00	09:58:29	203	40.83	94.39	0.2799	-0.0115	0.1926	0.2828	0.0266	0.0390	0.0188	0.0276	19	22
15.00	0.15	-20.00	09:58:46	180	36.54	90.68	0.2633	-0.0392	0.1729	0.2719	0.0253	0.0398	0.0179	0.0282	19	22
15.00	0.65	-20.00	09:59:03	212	43.69	92.25	0.2336	-0.0898	0.1974	0.2343	0.0266	0.0316	0.0188	0.0224	16	22
15.00	1.15	-20.00	09:59:20	181	36.72	94.80	0.1857	-0.1540	0.1696	0.2018	0.0248	0.0295	0.0175	0.0208	19	25
15.00	1.65	-20.00	09:59:38	170	34.51	86.73	0.1681	-0.1643	0.1454	0.1771	0.0219	0.0267	0.0155	0.0189	12	22
15.00	2.15	-20.00	09:59:55	139	28.08	91.49	0.1428	-0.1306	0.1489	0.1649	0.0248	0.0275	0.0176	0.0195	12	22
15.00	2.65	-20.00	10:00:13	177	37.01	96.48	0.0971	-0.1624	0.1515	0.1589	0.0224	0.0235	0.0158	0.0166	16	22
15.00	3.15	-20.00	10:00:30	153	31.04	95.84	0.1064	-0.1846	0.1734	0.1545	0.0276	0.0246	0.0195	0.0174	16	25
15.00	3.65	-20.00	10:00:47	164	33.05	95.34	0.0631	-0.1449	0.1793	0.1686	0.0275	0.0259	0.0195	0.0183	16	25
15.00	4.15	-20.00	10:01:05	196	39.75	92.20	0.1014	-0.1339	0.1681	0.1732	0.0236	0.0243	0.0167	0.0172	12	22
15.00	4.65	-20.00	10:01:22	212	42.90	94.77	0.0623	-0.1210	0.1816	0.1639	0.0245	0.0221	0.0173	0.0156	16	25
15.00	5.15	-20.00	10:01:40	143	28.75	88.25	0.0817	-0.1172	0.1696	0.2182	0.0279	0.0359	0.0197	0.0254	16	22
15.00	5.65	-20.00	10:01:57	204	41.31	95.99	0.0840	-0.1457	0.1792	0.2005	0.0246	0.0276	0.0174	0.0195	12	22
15.00	7.15	-20.50	10:02:19	218	44.03	93.79	0.0545	-0.3512	0.1842	0.2318	0.0245	0.0308	0.0173	0.0218	16	25
15.00	6.65	-20.50	10:02:36	194	39.24	96.41	0.0477	-0.3369	0.1991	0.2003	0.0281	0.0283	0.0199	0.0200	12	22
15.00	6.15	-20.50	10:02:53	204	41.79	94.01	0.0830	-0.2627	0.2026	0.2342	0.0279	0.0322	0.0197	0.0228	12	19
15.00	5.65	-20.50	10:03:11	199	40.64	91.96	0.0576	-0.2054	0.1748	0.2244	0.0244	0.0313	0.0172	0.0221	16	19
15.00	5.15	-20.50	10:03:28	171	35.16	95.35	0.0639	-0.2047	0.1636	0.1920	0.0246	0.0289	0.0174	0.0204	16	19
15.00	4.65	-20.50	10:03:47	167	34.17	93.29	0.0654	-0.1918	0.1564	0.1833	0.0238	0.0279	0.0168	0.0197	19	22
15.00	4.15	-20.50	10:04:04	183	36.74	97.10	0.0493	-0.1831	0.1827	0.1759	0.0265	0.0256	0.0188	0.0181	16	25
15.00	3.65	-20.50	10:04:21	143	29.03	95.02	0.0735	-0.2478	0.1658	0.1542	0.0273	0.0254	0.0193	0.0179	12	19
15.00	3.15	-20.50	10:04:38	213	43.13	92.90	0.0881	-0.2476	0.1636	0.1674	0.0220	0.0225	0.0156	0.0159	16	25
15.00	2.65	-20.50	10:04:55	181	36.31	97.14	0.0757	-0.2352	0.1555	0.1637	0.0227	0.0239	0.0161	0.0169	16	19
15.00	2.15	-20.50	10:05:13	125	25.10	94.21	0.1086	-0.2131	0.1550	0.1643	0.0273	0.0289	0.0193	0.0205	16	22
15.00	1.65	-20.50	10:05:31	131	26.80	94.09	0.1117	-0.1886	0.1404	0.1829	0.0241	0.0314	0.0171	0.0222	12	22
15.00	1.15	-20.50	10:05:49	202	40.60	96.24	0.1458	-0.1820	0.1545	0.2104	0.0214	0.0291	0.0151	0.0206	16	22
15.00	0.65	-20.50	10:06:06	203	41.59	94.48	0.1749	-0.1517	0.1574	0.2252	0.0217	0.0311	0.0153	0.0220	16	22
15.00	0.15	-20.50	10:06:23	185	37.63	97.21	0.1786	-0.1146	0.1824	0.2679	0.0263	0.0387	0.0186	0.0274	16	19
15.00	-0.35	-20.50	10:06:41	206	41.91	94.26	0.2107	-0.0250	0.1644	0.3171	0.0225	0.0434	0.0159	0.0307	19	25
15.00	-0.85	-20.50	10:06:58	185	37.50	93.54	0.1914	0.0678	0.1684	0.2947	0.0243	0.0426	0.0172	0.0301	19	22
15.00	-1.35	-20.50	10:07:15	196	39.42	91.07	0.1504	0.1608	0.1578	0.2388	0.0222	0.0335	0.0157	0.0237	16	22
15.00	-1.85	-20.50	10:07:33	179	36.15	89.47	0.1770	0.1434	0.1756	0.2442	0.0258	0.0359	0.0182	0.0254	16	22
15.00	-2.35	-20.50	10:07:50	149	30.05	93.14	0.1119	0.1988	0.1479	0.2021	0.0238	0.0326	0.0169	0.0230	12	19
15.00	-2.85	-20.50	10:08:09	146	29.56	94.84	0.0779	0.1913	0.1419	0.1810	0.0231	0.0295	0.0163	0.0208	12	19
15.00	-3.35	-20.50	10:08:27	121	24.69	94.80	0.0775	0.2420	0.1824	0.1653	0.0326	0.0296	0.0231	0.0209	12	19
15.00	-3.85	-20.50	10:08:45	191	38.38	98.76	0.0819	0.2464	0.1643	0.1447	0.0234	0.0206	0.0165	0.0145	12	22
15.00	-4.35	-20.50	10:09:03	163	32.81	91.94	0.0728	0.2475	0.1935	0.1448	0.0298	0.0223	0.0211	0.0158	12	19
15.00	-4.85	-20.50	10:09:21	173	35.17	93.76	0.0425	0.1862	0.1494	0.1570	0.0223	0.0235	0.0158	0.0166	12	19
15.00	-5.35	-20.50	10:09:38	149	30.93	92.56	0.0731	0.1614	0.1538	0.1725	0.0248	0.0278	0.0175	0.0197	19	19
15.00	-5.85	-20.50	10:09:55	124	24.97	96.52	0.0498	0.1855	0.1648	0.1857	0.0291	0.0328	0.0206	0.0232	19	19
15.00	-6.35	-20.50	10:10:13	198	40.37	91.78	0.0334	0.2106	0.1839	0.2175	0.0257	0.0304	0.0182	0.0215	16	22
15.00	-6.85	-20.50	10:10:31	176	35.55	90.88	0.0436	0.2813	0.2032	0.2207	0.0301	0.0327	0.0213	0.0231	16	22
15.00	-6.85	-21.00	10:10:48	201	40.57	96.79	-0.0012	0.3102	0.1861	0.2240	0.0258	0.0310	0.0182	0.0219	19	19
15.00	-6.35	-21.00	10:11:05	205	41.99	90.70	0.0423	0.2430	0.2034	0.2040	0.0279	0.0280	0.0197	0.0198	16	16
15.00	-5.85	-21.00	10:11:23	119	24.22	92.70	0.0285	0.2729	0.1892	0.1750	0.0341	0.0316	0.0241	0.0223	16	19
15.00	-5.35	-21.00	10:11:40	144	29.21	97.92	0.0160	0.2275	0.1869	0.1763	0.0306	0.0289	0.0217	0.0204	16	22
15.00	-4.85	-21.00	10:11:57	165	33.55	94.92	0.0195	0.2487	0.1921	0.1518	0.0294	0.0232	0.0208	0.0164	12	22
15.00	-4.35	-21.00	10:12:14	153	30.93	95.48	0.0297	0.2639	0.1660	0.1594	0.0264	0.0253	0.0187	0.0179	12	19
15.00	-3.85	-21.00	10:12:32	148	30.51	92.69	0.0264	0.2951	0.1622	0.1726	0.0262	0.0279	0.0185	0.0197	12	19
15.00	-3.35	-21.00	10:12:49	176	35.47	95.02	0.0498	0.2650	0.1640	0.1502	0.0243	0.0223	0.0172	0.0157	16	19
15.00	-2.85	-21.00	10:13:06	171	34.41	94.41	0.0435	0.2631	0.1364	0.1751	0.0205	0.0263	0.0145	0.0186	16	22
15.00	-2.35	-21.00	10:13:23	162	33.11	94.69	0.0617	0.2379	0.1611	0.2145	0.0249	0.0331	0.0176	0.0234	12	32
15.00	-1.85	-21.00	10:13:40	206	42.39	95.44	0.0940	0.2039	0.1597	0.2090	0.0219	0.0286	0.0155	0.0202	16	22
15.00	-1.35	-21.00	10:13:58	191	38.49	94.14	0.1070	0.1293	0.1631	0.2726	0.0232	0.0388	0.0164	0.0274	12	19
15.00	-0.85	-21.00	10:14:15	164	33.96	94.03	0.1497	0.0827	0.1865	0.2898	0.0286	0.0445	0.0202	0.0315	16	22
15.00	-0.35	-21.00	10:14:32	174	34.91	95.53	0.1091	-0.0135	0.1621	0.2961	0.0242	0.0441	0.0171	0.0312	16	19
15.00	0.15	-21.00	10:14:49	200	40.21	97.98	0.0927	-0.1233	0.1603	0.2765	0.0223	0.0384	0.0158	0.0272	22	25
15.00	0.65	-21.00	10:15:07	182	36.82	96.19	0.0904	-0.1249	0.1691	0.2377	0.0246	0.0346	0.0174	0.0245	16	19
15.00	1.15	-21.00	10:15:24	152	31.17	94.14	0.1011	-0.1726	0.1536	0.2086	0.0245	0.0333	0.0173	0.0235	16	22
15.00	1.65	-21.00	10:15:42	137	27.79	95.35	0.0729	-0.2484	0.1329	0.1755	0.0223	0.0295	0.0158	0.0209	12	48
15.00	2.15	-21.00	10:15:59	129	27.23	95.65	0.0680	-0.2703	0.1771	0.1661	0.0307	0.0288	0.0217	0.0204	12	19
15.00	2.65	-21.00	10:16:16	156	31.65	88.96	0.0646	-0.2848	0.1538	0.1634	0.0242	0.0257	0.0171	0.0182	12	19
15.00	3.15	-21.00	10:16:33	181	36.31	94.85	0.0460	-0.2865	0.1661	0.1599	0.0243	0.0234	0.0172	0.0165	12	22
15.00	3.65	-21.00	10:16:50	179	35.84	86.07	0.0375	-0.2825	0.1672	0.1730	0.0246	0.0254	0.0174	0.0180	12	22
15.00	4.15	-21.00	10:17:08	198	40.07	96.37	0.0308	-0.2558	0.1772	0.1568	0.0247	0.0219	0.0175	0.0155	12	25
15.00	4.65	-21.00	10:17:26	166	34.36	93.83	0.0197	-0.2313	0.1845	0.1599	0.0282	0.0244	0.0199	0.0173	16	19
15.00	5.15	-21.00	10:17:43	177	35.95	94.50	0.0054	-0.2591	0.1761	0.1732	0.0260	0.0256	0.0184	0.0181	16	19
15.00	5.65	-21.00	10:18:00	191	38.37	94.86	0.0114	-0.2810	0.1822	0.1950	0.0259	0.0277	0.0183	0.0196	19	22
15.00	6.15	-21.00	10:18:17	197	39.96	94.25	-0.0042	-0.3182	0.2047	0.2004	0.0287	0.0281	0.0203	0.0198	22	22
15.00	6.65	-21.00	10:18:34	232	46.58	94.17	0.0147	-0.3266	0.2127	0.2095	0.0274	0.0270	0.0194	0.0191	22	22
15.00	7.15	-21.00	10:18:52	181	36.56	86.94	0.0054	-0.3785	0.2136	0.1908	0.0312	0.0279	0.0221	0.0197	19	19
15.00	7.15	-21.50	10:19:09	144	28.88	89.43	-0.0010	-0.3658	0.1908	0.1911	0.0313	0.0313	0.0221	0.0221	16	22
15.00	6.65	-21.50	10:19:27	172	34.49	96.05	-0.0342	-0.3384	0.2440	0.1981	0.0366	0.0297	0.0259	0.0210	16	19
15.00	6.15	-21.50	10:19:45	191	38.80	93.76	-0.0046	-0.3313	0.2220	0.2069	0.0316	0.0294	0.0223	0.0208	19	22
15.00	5.65	-21.50	10:20:02	206	41.96	93.30	-0.0277	-0.3124	0.2091	0.1833	0.0286	0.0251	0.0202	0.0177	19	22
15.00	5.15	-21.50	10:20:20	177	35.79	94.81	-0.0044	-0.2907	0.1814	0.1844	0.0268	0.0272	0.0190	0.0193	16	22
15.00	4.65	-21.50	10:20:39	152	30.90	95.97	0.0181	-0.2589	0.1757	0.1728	0.0280	0.0276	0.0198	0.0195	16	19
15.00	4.15	-21.50	10:20:57	180	36.39	91.64	0.0295	-0.2637	0.1886	0.1604	0.0276	0.0235	0.0195	0.0166	12	22
15.00	3.65	-21.50	10:21:15	179	36.61	85.77	0.0172	-0.3007	0.1719	0.1482	0.0253	0.0218	0.0179	0.0154	16	25
15.00	3.15	-21.50	10:21:32	184	37.08	99.25	0.0268	-0.3051	0.1573	0.1568	0.0228	0.0227	0.0161	0.0161	16	22
15.00	2.65	-21.50	10:21:50	137	27.67	93.04	0.0128	-0.2736	0.1581	0.1661	0.0266	0.0279	0.0188	0.0197	12	22
15.00	2.15	-21.50	10:22:07	154	31.60	92.59	0.0509	-0.2474	0.1484	0.1653	0.0235	0.0262	0.0166	0.0185	16	25
15.00	1.65	-21.50	10:22:24	173	34.87	93.11	0.0142	-0.2313	0.1286	0.1761	0.0192	0.0263	0.0136	0.0186	12	28
15.00	1.15	-21.50	10:22:41	177	35.64	92.43	0.0508	-0.1812	0.1429	0.2059	0.0211	0.0304	0.0149	0.0215	16	22
15.00	0.65	-21.50	10:22:59	199	39.88	96.98	0.0658	-0.1259	0.1445	0.2342	0.0201	0.0326	0.0142	0.0231	16	22
15.00	0.15	-21.50	10:23:17	149	30.31	94.26	0.0398	-0.1017	0.1768	0.2774	0.0285	0.0447	0.0201	0.0316	19	25
15.00	-0.35	-21.50	10:23:35	184	39.12	91.14	0.0178	-0.0239	0.1667	0.2726	0.0242	0.0395	0.0171	0.0279	19	22
15.00	-0.85	-21.50	10:23:54	184	36.97	93.03	0.0135	0.0762	0.1647	0.2830	0.0239	0.0410	0.0169	0.0290	16	22
15.00	-1.35	-21.50	10:24:11	173	35.19	96.80	0.0385	0.1783	0.1691	0.2382	0.0253	0.0356	0.0179	0.0252	12	25
15.00	-1.85	-21.50	10:24:28	166	33.73	75.91	0.0212	0.2066	0.1557	0.2380	0.0238	0.0363	0.0168	0.0257	12	19
15.00	-2.35	-21.50	10:24:45	167	34.10	96.33	0.0120	0.2473	0.1395	0.1970	0.0212	0.0300	0.0150	0.0212	16	35
15.00	-2.85	-21.50	10:25:03	164	33.16	94.77	0.0044	0.2478	0.1393	0.1691	0.0214	0.0260	0.0151	0.0184	16	25
15.00	-3.35	-21.50	10:25:21	192	38.90	95.68	0.0143	0.2976	0.1648	0.1568	0.0234	0.0222	0.0165	0.0157	16	32
15.00	-3.85	-21.50	10:25:39	187	37.71	96.25	-0.0071	0.3094	0.1809	0.1642	0.0260	0.0236	0.0184	0.0167	12	16
15.00	-4.35	-21.50	10:25:57	137	27.69	95.34	0.0022	0.2643	0.1607	0.1365	0.0270	0.0229	0.0191	0.0162	12	22
15.00	-4.85	-21.50	10:26:14	125	26.27	96.31	0.0214	0.2962	0.1702	0.1653	0.0300	0.0291	0.0212	0.0206	16	19
15.00	-5.35	-21.50	10:26:32	126	25.65	93.05	0.0113	0.2939	0.1689	0.1622	0.0296	0.0284	0.0209	0.0201	12	19
15.00	-5.85	-21.50	10:26:49	197	40.26	96.36	0.0107	0.2781	0.1983	0.1907	0.0278	0.0267	0.0196	0.0189	19	22
15.00	-6.35	-21.50	10:27:06	189	37.81	95.67	-0.0024	0.2964	0.2301	0.1905	0.0329	0.0272	0.0233	0.0193	19	19
15.00	-6.85	-21.50	10:27:24	211	42.40	91.86	-0.0093	0.3222	0.2245	0.1853	0.0304	0.0251	0.0215	0.0177	22	22
15.00	-6.85	-22.00	10:27:41	212	42.72	92.62	-0.0064	0.3056	0.2273	0.2058	0.0307	0.0278	0.0217	0.0196	16	22
15.00	-6.35	-22.00	10:27:59	232	46.71	92.82	-0.0213	0.3265	0.2000	0.2109	0.0258	0.0272	0.0182	0.0192	16	22
15.00	-5.85	-22.00	10:28:16	212	42.71	94.63	-0.0324	0.2907	0.2018	0.2169	0.0272	0.0293	0.0193	0.0207	16	22
15.00	-5.35	-22.00	10:28:34	136	27.38	94.80	-0.0378	0.2385	0.1830	0.1777	0.0309	0.0300	0.0218	0.0212	12	19
15.00	-4.85	-22.00	10:28:51	95	19.34	94.50	-0.0172	0.2641	0.1476	0.1709	0.0298	0.0346	0.0211	0.0244	16	19
15.00	-4.35	-22.00	10:29:10	202	41.11	95.52	-0.0307	0.2648	0.1729	0.1873	0.0239	0.0259	0.0169	0.0183	16	19
15.00	-3.85	-22.00	10:29:27	169	34.66	94.72	-0.0336	0.2782	0.1637	0.1550	0.0248	0.0234	0.0175	0.0166	16	19
15.00	-3.35	-22.00	10:29:45	157	31.62	91.46	-0.0322	0.2614	0.1595	0.1673	0.0250	0.0263	0.0177	0.0186	12	22
15.00	-2.85	-22.00	10:30:02	179	36.49	92.72	-0.0275	0.2420	0.1501	0.1926	0.0220	0.0283	0.0156	0.0200	12	22
15.00	-2.35	-22.00	10:30:19	163	32.96	96.37	-0.0286	0.2362	0.1539	0.1893	0.0237	0.0291	0.0168	0.0206	16	25
15.00	-1.85	-22.00	10:30:36	161	33.96	96.14	-0.0333	0.1670	0.1483	0.2185	0.0230	0.0338	0.0162	0.0239	16	22
15.00	-1.35	-22.00	10:30:54	175	35.25	93.25	-0.0266	0.1229	0.1672	0.2461	0.0248	0.0366	0.0176	0.0259	12	19
15.00	-0.85	-22.00	10:31:11	185	37.61	96.57	-0.0563	0.0634	0.1883	0.2736	0.0272	0.0395	0.0192	0.0280	12	19
15.00	-0.35	-22.00	10:31:29	166	33.41	91.42	-0.0673	-0.0051	0.2015	0.2937	0.0307	0.0448	0.0217	0.0317	25	32
15.00	0.15	-22.00	10:31:46	170	34.22	84.25	-0.0467	-0.0615	0.1705	0.2729	0.0257	0.0412	0.0182	0.0291	19	22
15.00	0.65	-22.00	10:32:03	200	40.31	94.82	-0.0287	-0.1196	0.1869	0.2461	0.0260	0.0342	0.0184	0.0242	16	25
15.00	1.15	-22.00	10:32:21	166	33.49	97.28	-0.0159	-0.1519	0.1602	0.2012	0.0244	0.0307	0.0173	0.0217	16	28
15.00	1.65	-22.00	10:32:38	164	33.18	94.21	-0.0162	-0.1773	0.1383	0.1932	0.0212	0.0297	0.0150	0.0210	16	25
15.00	2.15	-22.00	10:32:55	137	27.69	96.90	0.0139	-0.2236	0.1499	0.1661	0.0252	0.0279	0.0178	0.0197	12	22
15.00	2.65	-22.00	10:33:13	134	27.81	91.07	-0.0094	-0.2561	0.1574	0.1769	0.0268	0.0301	0.0189	0.0213	12	22
15.00	3.15	-22.00	10:33:31	137	27.62	95.58	-0.0126	-0.2629	0.1774	0.1796	0.0298	0.0302	0.0211	0.0213	12	19
15.00	3.65	-22.00	10:33:49	185	37.22	95.79	-0.0009	-0.2753	0.1728	0.1851	0.0250	0.0267	0.0177	0.0189	16	19
15.00	4.15	-22.00	10:34:06	188	38.29	94.04	-0.0219	-0.2625	0.1752	0.1662	0.0251	0.0238	0.0178	0.0168	16	25
15.00	4.65	-22.00	10:34:23	152	30.50	93.89	-0.0075	-0.2523	0.1690	0.2088	0.0270	0.0333	0.0191	0.0235	12	19
15.00	5.15	-22.00	10:34:41	168	33.71	96.28	-0.0281	-0.2607	0.1866	0.1737	0.0283	0.0263	0.0200	0.0186	16	22
15.00	5.65	-22.00	10:35:00	149	29.86	95.57	-0.0312	-0.2782	0.1773	0.2077	0.0286	0.0335	0.0202	0.0237	19	19
15.00	6.15	-22.00	10:35:18	213	43.19	94.80	-0.0400	-0.2923	0.2209	0.1935	0.0297	0.0260	0.0210	0.0184	16	22
15.00	6.65	-22.00	10:35:35	180	36.16	97.75	-0.0640	-0.3423	0.2029	0.1934	0.0297	0.0283	0.0210	0.0200	16	25
15.00	7.15	-22.00	10:35:53	126	25.99	88.21	-0.0359	-0.3598	0.1848	0.2049	0.0324	0.0359	0.0229	0.0254	16	22
15.00	7.15	-22.50	10:36:10	152	30.57	94.84	-0.0462	-0.3207	0.2051	0.2179	0.0327	0.0348	0.0231	0.0246	19	32
15.00	6.65	-22.50	10:36:27	164	32.84	95.21	-0.0823	-0.3111	0.1833	0.2206	0.0281	0.0339	0.0199	0.0239	16	28
15.00	6.15	-22.50	10:36:45	144	29.13	88.70	-0.0849	-0.2467	0.1845	0.2126	0.0302	0.0349	0.0214	0.0246	19	25
15.00	5.65	-22.50	10:37:02	164	33.43	97.37	-0.0485	-0.1674	0.1839	0.1837	0.0282	0.0282	0.0200	0.0199	19	25
15.00	5.15	-22.50	10:37:19	132	26.46	94.84	-0.0488	-0.2195	0.1777	0.1943	0.0304	0.0333	0.0215	0.0235	19	32
15.00	4.65	-22.50	10:37:37	143	29.38	91.87	-0.0335	-0.1856	0.1751	0.2077	0.0288	0.0342	0.0204	0.0242	16	32
15.00	4.15	-22.50	10:37:54	179	37.06	96.54	-0.0679	-0.2015	0.1709	0.1614	0.0251	0.0237	0.0178	0.0168	16	25
15.00	3.65	-22.50	10:38:12	140	28.98	96.12	-0.0473	-0.2144	0.1801	0.1653	0.0299	0.0275	0.0212	0.0194	16	28
15.00	3.15	-22.50	10:38:30	152	31.52	95.42	-0.0373	-0.2163	0.1670	0.1773	0.0266	0.0283	0.0188	0.0200	16	22
15.00	2.65	-22.50	10:38:48	134	26.92	94.03	-0.0422	-0.2262	0.1724	0.1693	0.0293	0.0288	0.0207	0.0204	16	25
15.00	2.15	-22.50	10:39:06	148	29.96	96.79	-0.0532	-0.2063	0.1438	0.1794	0.0233	0.0290	0.0164	0.0205	16	25
15.00	1.65	-22.50	10:39:23	189	38.10	96.70	-0.0513	-0.1486	0.1685	0.1745	0.0241	0.0249	0.0170	0.0176	16	25
15.00	1.15	-22.50	10:39:41	199	40.32	96.46	-0.0580	-0.1103	0.1606	0.2281	0.0224	0.0318	0.0158	0.0225	16	25
15.00	0.65	-22.50	10:39:58	152	30.80	89.01	-0.0607	-0.1042	0.1837	0.2130	0.0293	0.0340	0.0207	0.0240	12	19
15.00	0.15	-22.50	10:40:16	164	33.16	94.03	-0.1081	-0.0234	0.1783	0.2337	0.0274	0.0359	0.0194	0.0254	16	22
15.00	-0.35	-22.50	10:40:33	185	37.49	83.10	-0.0899	0.0225	0.1863	0.2788	0.0269	0.0403	0.0190	0.0285	16	19
15.00	-0.85	-22.50	10:40:50	181	36.47	96.73	-0.1209	0.0824	0.1859	0.2443	0.0272	0.0357	0.0192	0.0252	16	19
15.00	-1.35	-22.50	10:41:08	187	37.44	94.34	-0.0948	0.0945	0.1906	0.2396	0.0274	0.0344	0.0194	0.0243	16	25
15.00	-1.85	-22.50	10:41:25	138	27.81	96.34	-0.0641	0.1245	0.1747	0.2301	0.0292	0.0385	0.0207	0.0272	12	19
15.00	-2.35	-22.50	10:41:44	131	26.35	97.98	-0.1053	0.2073	0.1388	0.1729	0.0239	0.0297	0.0169	0.0210	12	22
15.00	-2.85	-22.50	10:42:02	152	30.63	95.22	-0.0726	0.1856	0.1679	0.1786	0.0268	0.0285	0.0189	0.0201	12	25
15.00	-3.35	-22.50	10:42:19	141	28.49	96.38	-0.0633	0.2100	0.1761	0.1758	0.0292	0.0291	0.0206	0.0206	19	25
15.00	-3.85	-22.50	10:42:36	142	28.52	95.82	-0.0576	0.2246	0.1766	0.1630	0.0291	0.0269	0.0206	0.0190	16	25
15.00	-4.35	-22.50	10:42:53	160	32.74	95.76	-0.0746	0.1999	0.1772	0.1673	0.0275	0.0260	0.0195	0.0184	16	25
15.00	-4.85	-22.50	10:43:11	97	20.51	97.29	-0.0416	0.2198	0.1545	0.1641	0.0309	0.0328	0.0218	0.0232	16	25
15.00	-5.35	-22.50	10:43:28	161	32.55	96.74	-0.0575	0.2203	0.1722	0.2063	0.0267	0.0320	0.0189	0.0226	19	32
15.00	-5.85	-22.50	10:43:46	165	33.44	90.90	-0.0501	0.2065	0.1886	0.2081	0.0289	0.0318	0.0204	0.0225	19	32
15.00	-6.35	-22.50	10:44:03	191	39.04	94.76	-0.0797	0.2550	0.1845	0.2445	0.0262	0.0348	0.0185	0.0246	19	25
15.00	-6.85	-22.50	10:44:20	193	38.85	90.04	-0.0570	0.3017	0.1865	0.2383	0.0264	0.0337	0.0187	0.0238	16	28
15.00	-5.35	-23.00	10:44:42	137	28.15	87.29	-0.0763	0.1136	0.1572	0.1892	0.0264	0.0318	0.0187	0.0225	16	22
15.00	-4.85	-23.00	10:44:59	113	24.23	96.86	-0.0694	0.1037	0.1880	0.1819	0.0348	0.0337	0.0246	0.0238	12	19
15.00	-4.35	-23.00	10:45:17	115	23.03	96.27	-0.0965	0.1436	0.1921	0.1874	0.0353	0.0344	0.0249	0.0243	12	19
15.00	-3.85	-23.00	10:45:34	167	33.59	97.26	-0.0608	0.1336	0.1897	0.1664	0.0289	0.0253	0.0204	0.0179	16	22
15.00	-3.35	-23.00	10:45:51	138	28.62	94.08	-0.0645	0.1325	0.1721	0.1734	0.0288	0.0290	0.0204	0.0205	16	22
15.00	-2.85	-23.00	10:46:09	174	35.10	94.29	-0.0974	0.1339	0.1641	0.1821	0.0245	0.0271	0.0173	0.0192	16	19
15.00	-2.35	-23.00	10:46:26	192	38.63	91.48	-0.1041	0.1053	0.1725	0.1930	0.0245	0.0274	0.0173	0.0194	16	22
15.00	-1.85	-23.00	10:46:43	193	38.81	98.48	-0.1260	0.0730	0.1836	0.2073	0.0260	0.0293	0.0184	0.0207	16	25
15.00	-1.35	-23.00	10:47:01	174	35.52	94.04	-0.1059	0.0399	0.1906	0.2340	0.0284	0.0349	0.0201	0.0247	19	22
15.00	-0.85	-23.00	10:47:18	182	37.14	94.26	-0.1641	0.0478	0.1848	0.2507	0.0269	0.0365	0.0190	0.0258	16	19
15.00	-0.35	-23.00	10:47:35	205	41.65	94.56	-0.1561	-0.0174	0.1994	0.2522	0.0274	0.0346	0.0194	0.0245	28	22
15.00	0.15	-23.00	10:47:52	206	42.06	94.32	-0.1639	-0.0423	0.1979	0.2352	0.0271	0.0322	0.0192	0.0228	16	19
15.00	0.65	-23.00	10:48:09	190	38.32	95.08	-0.1453	-0.1076	0.1778	0.2139	0.0253	0.0305	0.0179	0.0216	16	25
15.00	1.15	-23.00	10:48:27	154	30.95	92.24	-0.0971	-0.0639	0.1534	0.2025	0.0243	0.0321	0.0172	0.0227	16	22
15.00	1.65	-23.00	10:48:46	206	42.09	97.11	-0.0859	-0.0670	0.1678	0.1954	0.0230	0.0267	0.0162	0.0189	16	22
15.00	2.15	-23.00	10:49:03	186	37.68	92.55	-0.1192	-0.1097	0.1592	0.1936	0.0229	0.0279	0.0162	0.0197	19	25
15.00	2.65	-23.00	10:49:20	126	25.67	89.04	-0.0512	-0.1024	0.1624	0.1928	0.0285	0.0338	0.0201	0.0239	12	22
15.00	3.15	-23.00	10:49:37	130	26.20	96.00	-0.0627	-0.1505	0.1488	0.1783	0.0257	0.0308	0.0182	0.0218	16	22
15.00	3.65	-23.00	10:49:54	165	33.94	96.58	-0.0611	-0.1116	0.1811	0.1717	0.0277	0.0263	0.0196	0.0186	16	19
15.00	4.15	-23.00	10:50:11	179	36.09	94.92	-0.0595	-0.1129	0.1692	0.1565	0.0249	0.0230	0.0176	0.0163	16	22
15.00	4.65	-23.00	10:50:29	184	37.36	95.80	-0.0811	-0.0987	0.1877	0.1695	0.0272	0.0246	0.0192	0.0174	16	22
15.00	5.15	-23.00	10:50:46	170	34.21	95.35	-0.0603	-0.0956	0.1720	0.1873	0.0259	0.0282	0.0183	0.0200	22	22
15.00	4.15	-23.50	10:51:06	198	39.86	88.79	-0.0854	-0.0165	0.1981	0.1924	0.0277	0.0269	0.0196	0.0190	25	22
15.00	3.65	-23.50	10:51:23	159	32.54	92.98	-0.0886	-0.0403	0.1827	0.1739	0.0285	0.0271	0.0201	0.0192	16	38
15.00	3.15	-23.50	10:51:40	128	25.35	96.67	-0.1090	-0.0125	0.1585	0.1696	0.0276	0.0295	0.0195	0.0209	16	22
15.00	2.65	-23.50	10:51:57	113	22.77	95.30	-0.1088	-0.0082	0.1508	0.1899	0.0279	0.0352	0.0197	0.0249	12	22
15.00	2.15	-23.50	10:52:15	202	40.48	95.98	-0.1142	-0.0360	0.1560	0.1680	0.0216	0.0232	0.0153	0.0164	16	25
15.00	1.65	-23.50	10:52:32	165	34.41	93.49	-0.1003	0.0045	0.1700	0.1936	0.0260	0.0296	0.0184	0.0210	16	25
15.00	1.15	-23.50	10:52:50	202	40.54	89.92	-0.1074	-0.0418	0.1738	0.1942	0.0240	0.0268	0.0170	0.0190	12	22
15.00	0.65	-23.50	10:53:08	188	38.26	95.84	-0.1393	-0.0412	0.1961	0.2118	0.0281	0.0304	0.0199	0.0215	16	22
15.00	0.15	-23.50	10:53:26	189	38.29	93.21	-0.1722	-0.0567	0.1846	0.2077	0.0264	0.0297	0.0187	0.0210	16	22
15.00	-0.35	-23.50	10:53:43	178	36.37	97.11	-0.1889	-0.0535	0.2150	0.2287	0.0317	0.0337	0.0224	0.0238	19	22
15.00	-0.85	-23.50	10:54:00	201	40.23	96.37	-0.1709	0.0243	0.1873	0.2238	0.0260	0.0310	0.0184	0.0219	19	22
15.00	-1.35	-23.50	10:54:17	204	41.35	95.18	-0.1751	0.0190	0.1931	0.2272	0.0266	0.0313	0.0188	0.0221	16	25
15.00	-1.85	-23.50	10:54:34	183	37.00	85.61	-0.1380	0.0403	0.1970	0.2164	0.0286	0.0314	0.0202	0.0222	16	22
15.00	-2.35	-23.50	10:54:52	170	34.12	94.99	-0.1353	0.0321	0.1771	0.2083	0.0267	0.0314	0.0189	0.0222	16	22
15.00	-2.85	-23.50	10:55:09	158	32.15	94.17	-0.1307	0.0190	0.1679	0.2000	0.0263	0.0313	0.0186	0.0221	16	22
15.00	-3.35	-23.50	10:55:27	178	36.06	94.70	-0.1385	-0.0002	0.1733	0.1938	0.0255	0.0285	0.0181	0.0202	16	19
15.00	-3.85	-23.50	10:55:44	136	27.56	93.79	-0.0653	0.0418	0.1867	0.1695	0.0315	0.0286	0.0223	0.0202	16	28
15.00	-3.35	-24.00	10:56:02	177	35.60	88.29	-0.1085	-0.0376	0.1510	0.1703	0.0223	0.0252	0.0158	0.0178	16	22
15.00	-2.85	-24.00	10:56:19	181	37.49	77.90	-0.1299	-0.0052	0.1729	0.1928	0.0253	0.0282	0.0179	0.0199	19	22
15.00	-2.35	-24.00	10:56:36	169	33.99	93.67	-0.1238	0.0022	0.2087	0.1954	0.0316	0.0295	0.0223	0.0209	16	25
15.00	-1.85	-24.00	10:56:54	189	38.90	95.44	-0.1756	-0.0111	0.1879	0.2182	0.0269	0.0312	0.0190	0.0221	16	19
15.00	-1.35	-24.00	10:57:12	200	40.41	96.31	-0.1830	-0.0131	0.2031	0.2256	0.0282	0.0313	0.0200	0.0222	16	19
15.00	-0.85	-24.00	10:57:30	181	36.26	92.72	-0.2172	-0.0221	0.1980	0.2151	0.0289	0.0314	0.0205	0.0222	25	22
15.00	-0.35	-24.00	10:57:48	175	36.42	86.70	-0.2242	-0.0099	0.1856	0.2271	0.0276	0.0337	0.0195	0.0239	12	19
15.00	0.15	-24.00	10:58:06	172	34.99	95.62	-0.1838	-0.0199	0.2018	0.2369	0.0303	0.0355	0.0214	0.0251	38	22
15.00	0.65	-24.00	10:58:23	182	36.83	96.15	-0.1755	0.0164	0.2256	0.2029	0.0329	0.0296	0.0232	0.0209	19	22
15.00	1.15	-24.00	10:58:41	181	36.66	96.10	-0.1442	0.0081	0.1906	0.1907	0.0278	0.0279	0.0197	0.0197	16	22
15.00	1.65	-24.00	10:58:59	171	34.53	92.15	-0.1461	0.0184	0.2010	0.2023	0.0302	0.0304	0.0214	0.0215	16	22
15.00	2.15	-24.00	10:59:16	149	30.40	94.14	-0.1547	0.0348	0.1420	0.1729	0.0229	0.0279	0.0162	0.0197	16	28
15.00	2.65	-24.00	10:59:33	149	30.14	98.46	-0.1401	0.0697	0.1541	0.1729	0.0248	0.0279	0.0176	0.0197	12	19
15.00	3.15	-24.00	10:59:50	124	25.29	90.76	-0.1257	0.0799	0.1686	0.1584	0.0298	0.0280	0.0211	0.0198	16	25
15.00	2.65	-24.50	11:00:08	153	31.41	91.40	-0.1270	0.0909	0.1684	0.1538	0.0268	0.0244	0.0189	0.0173	16	19
15.00	2.15	-24.50	11:00:26	158	32.01	92.99	-0.1474	0.0859	0.1523	0.1564	0.0238	0.0245	0.0168	0.0173	19	25
15.00	1.65	-24.50	11:00:43	195	39.62	97.92	-0.1584	0.0502	0.1807	0.1923	0.0254	0.0271	0.0180	0.0191	12	22
15.00	1.15	-24.50	11:01:00	172	35.02	94.71	-0.1564	0.0242	0.2008	0.1789	0.0301	0.0268	0.0213	0.0190	16	25
15.00	0.65	-24.50	11:01:17	198	40.27	96.64	-0.1793	-0.0152	0.2090	0.2187	0.0292	0.0305	0.0206	0.0216	16	22
15.00	0.15	-24.50	11:01:35	213	44.23	94.48	-0.2179	0.0256	0.2252	0.2113	0.0303	0.0284	0.0214	0.0201	12	16
15.00	-0.35	-24.50	11:01:52	176	35.51	91.61	-0.2477	-0.0300	0.2005	0.2267	0.0297	0.0336	0.0210	0.0238	12	19
15.00	-0.85	-24.50	11:02:10	172	34.96	96.15	-0.2510	-0.0074	0.1951	0.2186	0.0292	0.0328	0.0207	0.0232	16	22
15.00	-1.35	-24.50	11:02:28	170	34.54	96.93	-0.2242	-0.0087	0.2337	0.2047	0.0352	0.0309	0.0249	0.0218	16	19
15.00	-1.85	-24.50	11:02:45	184	37.44	82.05	-0.1898	-0.0305	0.1917	0.1871	0.0278	0.0271	0.0196	0.0192	16	25
15.00	-2.35	-24.50	11:03:02	190	38.11	92.50	-0.1579	-0.0275	0.1856	0.1964	0.0265	0.0280	0.0187	0.0198	16	25
15.00	-2.85	-24.50	11:03:19	224	45.09	94.70	-0.1295	-0.0567	0.1820	0.1667	0.0239	0.0219	0.0169	0.0155	19	22
15.00	-2.35	-25.00	11:03:36	180	36.27	92.11	-0.1909	-0.0617	0.1832	0.1709	0.0268	0.0250	0.0190	0.0177	16	25
15.00	-1.85	-25.00	11:03:53	179	36.11	93.62	-0.1761	-0.0624	0.1925	0.1985	0.0283	0.0292	0.0200	0.0206	12	22
15.00	-1.35	-25.00	11:04:10	190	38.31	95.57	-0.2112	-0.0414	0.2041	0.1814	0.0291	0.0259	0.0206	0.0183	16	22
15.00	-0.85	-25.00	11:04:28	209	42.51	96.69	-0.2504	0.0034	0.2159	0.2258	0.0293	0.0307	0.0207	0.0217	12	22
15.00	-0.35	-25.00	11:04:45	222	44.75	91.50	-0.2539	0.0107	0.2133	0.2221	0.0281	0.0293	0.0199	0.0207	12	22
15.00	0.15	-25.00	11:05:02	188	38.16	92.00	-0.2018	0.0272	0.1955	0.1927	0.0280	0.0276	0.0198	0.0195	16	22
15.00	0.65	-25.00	11:05:19	203	40.63	92.15	-0.2048	0.0553	0.1849	0.1909	0.0255	0.0263	0.0180	0.0186	16	19
15.00	1.15	-25.00	11:05:38	143	28.67	95.48	-0.1611	0.0397	0.1916	0.1879	0.0315	0.0309	0.0223	0.0219	19	19
15.00	1.65	-25.00	11:05:55	179	36.06	93.02	-0.1810	0.0623	0.1823	0.1734	0.0268	0.0255	0.0189	0.0180	16	22
15.00	2.15	-25.00	11:06:12	183	36.80	94.70	-0.1339	0.0591	0.1778	0.1703	0.0258	0.0247	0.0183	0.0175	16	25
15.00	2.15	-25.50	11:06:29	186	38.52	92.26	-0.1342	0.0561	0.2300	0.2286	0.0331	0.0329	0.0234	0.0233	19	137
15.00	1.65	-25.50	11:06:47	189	38.39	95.83	-0.1823	0.0802	0.2168	0.1744	0.0310	0.0249	0.0219	0.0176	16	28
15.00	1.15	-25.50	11:07:04	185	37.18	94.03	-0.1781	0.0389	0.1734	0.1889	0.0251	0.0273	0.0177	0.0193	19	22
15.00	0.65	-25.50	11:07:22	182	37.25	93.99	-0.1736	0.0335	0.1867	0.1969	0.0272	0.0287	0.0192	0.0203	16	19
15.00	0.15	-25.50	11:07:39	185	37.75	94.91	-0.2224	0.0288	0.2087	0.1977	0.0302	0.0286	0.0213	0.0202	19	22
15.00	-0.35	-25.50	11:07:56	197	40.65	95.57	-0.2501	0.0175	0.2012	0.2079	0.0282	0.0291	0.0199	0.0206	16	22
15.00	-0.85	-25.50	11:08:13	192	38.65	91.94	-0.2591	-0.0025	0.1821	0.2177	0.0258	0.0309	0.0183	0.0218	12	19
15.00	-1.35	-25.50	11:08:30	177	35.65	92.14	-0.2237	-0.0322	0.2123	0.2241	0.0314	0.0331	0.0222	0.0234	16	22
15.00	-1.85	-25.50	11:08:48	185	37.09	96.88	-0.2206	-0.0536	0.1865	0.1807	0.0269	0.0261	0.0191	0.0185	16	25
15.00	-1.85	-26.00	11:09:06	168	34.40	95.06	-0.1929	-0.0846	0.1989	0.1907	0.0302	0.0289	0.0213	0.0205	16	25
15.00	-1.35	-26.00	11:09:23	194	39.12	95.68	-0.2190	-0.0117	0.2053	0.2063	0.0290	0.0291	0.0205	0.0206	19	25
15.00	-0.85	-26.00	11:09:40	196	39.83	92.33	-0.2657	0.0012	0.1816	0.2008	0.0255	0.0282	0.0180	0.0199	12	25
15.00	-0.35	-26.00	11:09:57	195	39.15	96.75	-0.2664	0.0201	0.2010	0.2306	0.0283	0.0325	0.0200	0.0229	16	22
15.00	0.15	-26.00	11:10:14	177	35.76	91.51	-0.2375	0.0199	0.1868	0.2002	0.0276	0.0296	0.0195	0.0209	25	22
15.00	0.65	-26.00	11:10:32	165	33.84	90.14	-0.2062	0.0553	0.1707	0.1843	0.0261	0.0282	0.0185	0.0199	16	25
15.00	1.15	-26.00	11:10:49	182	36.96	97.60	-0.1901	0.0844	0.1799	0.1698	0.0262	0.0247	0.0185	0.0175	22	22
15.00	1.65	-26.00	11:11:06	186	37.28	84.42	-0.1738	0.0679	0.2503	0.1820	0.0361	0.0262	0.0255	0.0185	16	32
15.00	1.65	-26.50	11:11:23	208	41.99	90.65	-0.1311	0.0956	0.2622	0.2002	0.0357	0.0273	0.0253	0.0193	19	83
15.00	1.15	-26.50	11:11:40	178	36.19	94.92	-0.1905	0.0650	0.1988	0.1791	0.0293	0.0264	0.0207	0.0187	22	32
15.00	0.65	-26.50	11:11:58	166	33.56	95.21	-0.2477	0.0641	0.1652	0.1789	0.0252	0.0273	0.0178	0.0193	16	25
15.00	0.15	-26.50	11:12:15	168	34.40	91.57	-0.2481	0.0406	0.1803	0.1891	0.0274	0.0287	0.0193	0.0203	22	25
15.00	-0.35	-26.50	11:12:32	187	38.21	94.88	-0.2744	0.0219	0.1867	0.2209	0.0268	0.0317	0.0190	0.0224	16	22
15.00	-0.85	-26.50	11:12:49	179	36.95	93.30	-0.2256	-0.0291	0.2087	0.2024	0.0307	0.0297	0.0217	0.0210	12	22
15.00	-1.35	-26.50	11:13:07	176	35.46	96.18	-0.2649	-0.0232	0.1913	0.1779	0.0283	0.0264	0.0200	0.0186	16	25
15.00	-1.35	-27.00	11:13:24	184	37.23	93.18	-0.2561	-0.0049	0.2042	0.2061	0.0296	0.0299	0.0209	0.0211	19	32
15.00	-0.85	-27.00	11:13:42	190	38.37	97.81	-0.2586	0.0102	0.2167	0.1891	0.0309	0.0270	0.0219	0.0191	16	22
15.00	-0.35	-27.00	11:14:00	204	41.24	93.15	-0.2268	0.0566	0.2182	0.1834	0.0300	0.0252	0.0212	0.0178	19	25
15.00	0.15	-27.00	11:14:17	181	36.55	97.95	-0.2438	0.0295	0.1593	0.1862	0.0233	0.0272	0.0165	0.0192	19	25
15.00	0.65	-27.00	11:14:34	199	40.27	92.96	-0.2285	0.0510	0.1693	0.1858	0.0236	0.0259	0.0167	0.0183	16	22
15.00	1.15	-27.00	11:14:51	205	41.79	92.70	-0.1996	0.0468	0.2178	0.2028	0.0299	0.0278	0.0211	0.0197	19	25
15.00	1.15	-27.50	11:15:09	235	47.20	88.64	-0.2191	0.0990	0.2050	0.1797	0.0263	0.0230	0.0186	0.0163	22	25
15.00	0.65	-27.50	11:15:26	216	43.90	94.39	-0.2083	0.0636	0.1855	0.2003	0.0248	0.0268	0.0175	0.0189	16	22
15.00	0.15	-27.50	11:15:44	197	40.08	91.65	-0.2216	0.0509	0.1975	0.2113	0.0276	0.0296	0.0195	0.0209	16	22
15.00	-0.35	-27.50	11:16:01	200	40.05	94.65	-0.2421	0.0580	0.1914	0.1935	0.0266	0.0269	0.0188	0.0190	16	28
15.00	-0.85	-27.50	11:16:18	179	36.10	96.94	-0.2288	0.0203	0.2371	0.1895	0.0348	0.0278	0.0246	0.0197	16	22
15.00	-1.35	-27.50	11:16:35	210	42.29	92.69	-0.2237	-0.0125	0.2489	0.2135	0.0337	0.0289	0.0239	0.0205	19	28
15.00	-0.85	-28.00	11:16:52	154	30.93	95.09	-0.2384	-0.0141	0.2268	0.2260	0.0359	0.0358	0.0254	0.0253	16	25
15.00	-0.35	-28.00	11:17:10	198	39.93	90.83	-0.2220	0.0629	0.2260	0.1991	0.0316	0.0278	0.0223	0.0197	16	28
15.00	0.15	-28.00	11:17:27	191	38.34	92.80	-0.2663	0.0867	0.1889	0.2118	0.0269	0.0301	0.0190	0.0213	19	25
15.00	0.65	-28.00	11:17:44	206	42.08	89.12	-0.2146	0.0871	0.1661	0.2092	0.0227	0.0286	0.0161	0.0203	19	25
15.00	1.15	-28.00	11:18:01	210	42.44	92.20	-0.1490	0.1045	0.2194	0.1892	0.0297	0.0257	0.0210	0.0181	16	22
15.00	1.15	-28.50	11:18:19	206	41.55	90.49	-0.1603	0.0990	0.2194	0.2045	0.0300	0.0280	0.0212	0.0198	16	25
15.00	0.65	-28.50	11:18:36	177	35.95	95.89	-0.2339	0.0547	0.2003	0.1961	0.0296	0.0290	0.0209	0.0205	19	22
15.00	0.15	-28.50	11:18:54	214	43.27	94.03	-0.2465	0.0883	0.1763	0.2141	0.0237	0.0288	0.0167	0.0203	12	25
15.00	-0.35	-28.50	11:19:11	178	36.46	95.97	-0.2720	0.0425	0.2135	0.2167	0.0315	0.0319	0.0222	0.0226	12	25
15.00	-0.85	-28.50	11:19:28	171	34.40	86.57	-0.1978	0.0020	0.2554	0.2248	0.0384	0.0338	0.0272	0.0239	16	22
