DXEX v3
C:\Documents and Settings\Prof. Werneck\Desktop\Testes_HTP\Testes\Testes_Topo\15mm\15mm_campo_topo_t05.lda
11:27:53
15.00 mm;-0.85 mm;0.00 mm
15_90_sub1
"X [mm]"	"Y [mm]"	"Z [mm]"	"Date_Time"	"Count{1}"	"Data Rate{1} [#/s]"	"Validation{1} [%]"	"LDA1-Mean [m/s]"	"LDA2-Mean [m/s]"	"LDA1-RMS [m/s]"	"LDA2-RMS [m/s]"	"LDA1-MeanConf [m/s]"	"LDA2-MeanConf [m/s]"	"LDA1-RMSConf [m/s]"	"LDA2-RMSConf [m/s]"	"LDA1-AnodeCur [uA]"	"LDA2-AnodeCur [uA]"	
15.00	-0.85	0.00	11:27:53	265	54.65	93.67	-0.3581	0.0242	0.1812	0.1869	0.0219	0.0225	0.0155	0.0159	19	25
15.00	-0.35	0.00	11:28:05	360	72.38	91.70	-0.3715	0.0536	0.1951	0.2047	0.0202	0.0212	0.0143	0.0150	16	35
15.00	0.15	0.00	11:28:17	347	69.97	94.95	-0.3566	0.0675	0.2013	0.2059	0.0212	0.0217	0.0150	0.0153	19	25
15.00	0.65	0.00	11:28:29	307	61.48	93.06	-0.3553	0.0725	0.1728	0.1840	0.0194	0.0206	0.0137	0.0146	16	25
15.00	1.15	0.00	11:28:41	245	49.38	66.92	-0.2405	0.0865	0.2823	0.2299	0.0354	0.0289	0.0250	0.0204	22	406
15.00	1.15	-0.50	11:28:54	230	46.00	69.51	-0.2152	0.1143	0.3082	0.2181	0.0399	0.0282	0.0282	0.0200	19	358
15.00	0.65	-0.50	11:29:06	327	65.74	89.04	-0.3782	0.0663	0.1855	0.1816	0.0201	0.0197	0.0142	0.0139	25	25
15.00	0.15	-0.50	11:29:18	297	59.74	97.50	-0.3882	0.0503	0.1905	0.1913	0.0217	0.0218	0.0153	0.0154	16	22
15.00	-0.35	-0.50	11:29:30	336	67.77	92.59	-0.3645	0.0478	0.1776	0.1726	0.0190	0.0185	0.0134	0.0131	16	28
15.00	-0.85	-0.50	11:29:43	314	62.84	96.66	-0.3698	0.0321	0.1914	0.1849	0.0212	0.0205	0.0150	0.0145	16	25
15.00	-0.85	-1.00	11:29:55	281	56.95	92.37	-0.3758	0.0471	0.1774	0.1929	0.0208	0.0226	0.0147	0.0160	12	25
15.00	-0.35	-1.00	11:30:07	295	59.40	97.16	-0.3925	0.0587	0.1782	0.1947	0.0204	0.0223	0.0144	0.0157	16	35
15.00	0.15	-1.00	11:30:20	321	65.37	88.19	-0.3845	0.0606	0.1655	0.1737	0.0181	0.0190	0.0128	0.0135	16	19
15.00	0.65	-1.00	11:30:31	346	70.23	94.33	-0.3659	0.0792	0.1971	0.1709	0.0208	0.0180	0.0147	0.0127	16	25
15.00	1.15	-1.00	11:30:44	354	70.95	80.90	-0.1756	0.0926	0.2900	0.2376	0.0303	0.0248	0.0214	0.0175	16	60
15.00	1.15	-1.50	11:30:56	336	68.30	86.84	-0.1934	0.1168	0.3057	0.2164	0.0327	0.0232	0.0231	0.0164	16	25
15.00	0.65	-1.50	11:31:09	308	61.86	95.62	-0.3515	0.0598	0.2110	0.1825	0.0236	0.0204	0.0167	0.0144	19	25
15.00	0.15	-1.50	11:31:21	263	52.78	92.93	-0.3988	0.0810	0.1851	0.1828	0.0224	0.0221	0.0158	0.0157	16	22
15.00	-0.35	-1.50	11:31:33	282	56.56	95.15	-0.4059	0.0694	0.1730	0.1980	0.0202	0.0232	0.0143	0.0164	16	28
15.00	-0.85	-1.50	11:31:45	248	50.62	95.84	-0.3676	0.0517	0.2234	0.1842	0.0279	0.0230	0.0197	0.0162	12	25
15.00	-1.35	-1.50	11:31:57	287	57.96	91.20	-0.3018	-0.0019	0.2715	0.1941	0.0315	0.0225	0.0222	0.0159	22	25
15.00	-1.35	-2.00	11:32:09	273	55.02	89.76	-0.2546	0.0137	0.2651	0.1872	0.0315	0.0222	0.0223	0.0157	16	22
15.00	-0.85	-2.00	11:32:22	246	49.45	96.54	-0.3485	0.0429	0.2212	0.1971	0.0277	0.0247	0.0196	0.0175	16	22
15.00	-0.35	-2.00	11:32:34	275	55.20	96.26	-0.4056	0.0568	0.1905	0.2020	0.0226	0.0239	0.0160	0.0169	16	22
15.00	0.15	-2.00	11:32:46	309	62.31	96.82	-0.3824	0.0775	0.1873	0.1916	0.0209	0.0214	0.0148	0.0151	12	22
15.00	0.65	-2.00	11:32:58	269	54.06	94.35	-0.3509	0.0939	0.2150	0.1858	0.0257	0.0222	0.0182	0.0157	16	25
15.00	1.15	-2.00	11:33:11	286	58.57	93.21	-0.2006	0.1163	0.2298	0.2094	0.0267	0.0243	0.0189	0.0172	19	22
15.00	1.15	-2.50	11:33:23	268	53.67	97.51	-0.1963	0.1254	0.2169	0.1769	0.0260	0.0212	0.0184	0.0150	19	25
15.00	0.65	-2.50	11:33:35	274	55.26	87.51	-0.3042	0.0730	0.1983	0.1648	0.0235	0.0195	0.0166	0.0138	16	25
15.00	0.15	-2.50	11:33:47	293	59.29	94.85	-0.3649	0.0555	0.2012	0.1924	0.0231	0.0221	0.0163	0.0156	16	19
15.00	-0.35	-2.50	11:33:59	274	54.99	95.81	-0.3706	0.0557	0.1926	0.1874	0.0228	0.0222	0.0162	0.0157	19	22
15.00	-0.85	-2.50	11:34:11	231	46.56	96.21	-0.3211	-0.0022	0.2188	0.1787	0.0283	0.0231	0.0200	0.0163	16	22
15.00	-1.35	-2.50	11:34:24	271	54.35	83.66	-0.2479	-0.0303	0.2371	0.1903	0.0283	0.0227	0.0200	0.0161	16	22
15.00	-1.85	-3.00	11:34:36	260	52.42	97.36	-0.0636	-0.0530	0.1832	0.1589	0.0223	0.0194	0.0158	0.0137	16	19
15.00	-1.35	-3.00	11:34:48	222	44.58	94.72	-0.2134	-0.0488	0.2195	0.1554	0.0289	0.0205	0.0205	0.0145	19	22
15.00	-0.85	-3.00	11:35:00	228	46.90	94.41	-0.3095	0.0036	0.2205	0.1730	0.0287	0.0225	0.0203	0.0159	19	22
15.00	-0.35	-3.00	11:35:13	205	41.57	93.00	-0.3662	0.0417	0.1821	0.1716	0.0250	0.0235	0.0177	0.0167	16	19
15.00	0.15	-3.00	11:35:26	237	47.99	97.28	-0.3601	0.0829	0.1738	0.1432	0.0222	0.0183	0.0157	0.0129	16	19
15.00	0.65	-3.00	11:35:39	261	52.49	94.03	-0.2786	0.0976	0.2164	0.1715	0.0263	0.0208	0.0186	0.0147	16	22
15.00	1.15	-3.00	11:35:51	244	48.75	96.83	-0.1716	0.1236	0.2061	0.1844	0.0259	0.0232	0.0183	0.0164	19	19
15.00	1.65	-3.00	11:36:05	223	44.65	95.88	-0.0362	0.1261	0.1854	0.1541	0.0244	0.0203	0.0172	0.0143	22	22
15.00	2.15	-3.50	11:36:17	246	49.87	96.48	0.0776	0.1184	0.2026	0.1796	0.0254	0.0225	0.0179	0.0159	28	25
15.00	1.65	-3.50	11:36:29	177	35.76	95.50	-0.0677	0.1461	0.1681	0.1834	0.0248	0.0271	0.0176	0.0192	19	19
15.00	1.15	-3.50	11:36:41	219	44.10	93.92	-0.1805	0.1445	0.1848	0.1626	0.0245	0.0216	0.0173	0.0153	22	19
15.00	0.65	-3.50	11:36:53	220	44.42	96.46	-0.2625	0.0898	0.1897	0.1460	0.0251	0.0193	0.0178	0.0137	16	19
15.00	0.15	-3.50	11:37:06	249	50.45	96.86	-0.2709	0.0540	0.1926	0.1547	0.0240	0.0193	0.0170	0.0136	12	19
15.00	-0.35	-3.50	11:37:18	233	46.94	96.44	-0.2968	0.0200	0.1857	0.1538	0.0239	0.0198	0.0169	0.0140	16	19
15.00	-0.85	-3.50	11:37:30	229	45.98	92.28	-0.2937	-0.0291	0.2037	0.1576	0.0264	0.0205	0.0187	0.0145	16	22
15.00	-1.35	-3.50	11:37:43	253	51.21	97.55	-0.1774	-0.0737	0.1871	0.1669	0.0231	0.0206	0.0163	0.0146	16	22
15.00	-1.85	-3.50	11:37:55	246	50.61	92.72	-0.0727	-0.1099	0.1872	0.1845	0.0234	0.0231	0.0166	0.0163	16	19
15.00	-2.35	-3.50	11:38:07	254	50.95	95.33	0.0535	-0.0801	0.1974	0.1804	0.0243	0.0222	0.0172	0.0157	19	19
15.00	-2.85	-4.00	11:38:19	221	44.97	88.36	0.1164	-0.1147	0.1831	0.1706	0.0242	0.0225	0.0171	0.0159	19	19
15.00	-2.35	-4.00	11:38:31	260	52.06	94.09	0.0248	-0.0840	0.1958	0.1722	0.0238	0.0210	0.0169	0.0148	12	22
15.00	-1.85	-4.00	11:38:43	227	45.65	95.55	-0.0990	-0.0673	0.2061	0.1761	0.0269	0.0230	0.0190	0.0162	19	19
15.00	-1.35	-4.00	11:38:55	240	48.28	95.79	-0.1963	-0.0735	0.1727	0.1684	0.0219	0.0214	0.0155	0.0151	16	25
15.00	-0.85	-4.00	11:39:08	245	49.27	92.13	-0.2482	-0.0196	0.1992	0.1591	0.0250	0.0200	0.0177	0.0141	16	19
15.00	-0.35	-4.00	11:39:22	207	42.24	95.79	-0.2488	0.0039	0.1931	0.1428	0.0264	0.0195	0.0186	0.0138	16	19
15.00	0.15	-4.00	11:39:35	239	48.17	94.65	-0.2907	0.0298	0.1794	0.1369	0.0228	0.0174	0.0161	0.0123	16	19
15.00	0.65	-4.00	11:39:47	247	49.84	96.04	-0.2208	0.0790	0.2063	0.1516	0.0258	0.0189	0.0182	0.0134	16	22
15.00	1.15	-4.00	11:39:59	213	43.00	90.04	-0.1745	0.1097	0.2009	0.1696	0.0271	0.0228	0.0191	0.0161	22	22
15.00	1.65	-4.00	11:40:12	202	40.78	89.31	-0.0705	0.1568	0.1962	0.1672	0.0271	0.0231	0.0192	0.0163	16	19
15.00	2.15	-4.00	11:40:25	220	45.40	92.41	0.0239	0.1484	0.1890	0.1627	0.0250	0.0215	0.0177	0.0152	35	19
15.00	2.65	-4.00	11:40:38	246	49.58	91.37	0.1007	0.1469	0.1805	0.1815	0.0226	0.0227	0.0160	0.0161	22	28
15.00	3.15	-4.50	11:40:50	244	49.46	89.12	0.1262	0.1256	0.2045	0.2159	0.0257	0.0271	0.0182	0.0192	19	19
15.00	2.65	-4.50	11:41:03	289	58.80	74.12	0.0697	0.1593	0.1988	0.1851	0.0230	0.0214	0.0162	0.0151	16	28
15.00	2.15	-4.50	11:41:15	206	41.77	93.18	0.0130	0.1380	0.2030	0.1824	0.0278	0.0250	0.0196	0.0177	19	19
15.00	1.65	-4.50	11:41:28	229	46.96	94.82	-0.0982	0.1090	0.2267	0.1603	0.0294	0.0208	0.0208	0.0147	16	22
15.00	1.15	-4.50	11:41:40	222	44.79	97.49	-0.1673	0.0688	0.1809	0.1740	0.0238	0.0229	0.0169	0.0162	19	22
15.00	0.65	-4.50	11:41:52	202	40.80	96.77	-0.2181	0.0829	0.2022	0.1565	0.0280	0.0216	0.0198	0.0153	19	22
15.00	0.15	-4.50	11:42:04	201	40.40	88.27	-0.2499	0.0256	0.1867	0.1550	0.0259	0.0215	0.0183	0.0152	22	22
15.00	-0.35	-4.50	11:42:18	218	44.17	96.05	-0.2467	-0.0005	0.1965	0.1436	0.0261	0.0191	0.0185	0.0135	16	19
15.00	-0.85	-4.50	11:42:30	201	40.38	95.83	-0.2285	-0.0400	0.1909	0.1540	0.0265	0.0213	0.0187	0.0151	28	22
15.00	-1.35	-4.50	11:42:43	222	44.88	94.52	-0.1733	-0.0956	0.1899	0.1561	0.0250	0.0206	0.0177	0.0146	16	22
15.00	-1.85	-4.50	11:42:55	226	45.90	95.74	-0.0633	-0.1268	0.1981	0.1546	0.0259	0.0202	0.0183	0.0143	16	22
15.00	-2.35	-4.50	11:43:08	228	46.17	95.19	0.0404	-0.1072	0.1973	0.1845	0.0257	0.0240	0.0181	0.0170	16	19
15.00	-2.85	-4.50	11:43:20	263	53.61	96.80	0.0753	-0.1071	0.2048	0.1903	0.0248	0.0230	0.0175	0.0163	19	22
15.00	-3.35	-4.50	11:43:32	264	53.34	94.60	0.1020	-0.1283	0.1768	0.1950	0.0214	0.0236	0.0151	0.0167	16	22
15.00	-3.85	-5.00	11:43:44	280	56.74	96.67	0.0909	-0.1611	0.2052	0.1798	0.0241	0.0211	0.0170	0.0149	19	22
15.00	-3.35	-5.00	11:43:57	233	46.90	94.28	0.0800	-0.1416	0.2037	0.1814	0.0262	0.0233	0.0185	0.0165	19	19
15.00	-2.85	-5.00	11:44:09	232	46.79	82.95	0.0750	-0.1180	0.2022	0.1891	0.0261	0.0244	0.0184	0.0172	16	22
15.00	-2.35	-5.00	11:44:21	234	47.36	96.28	0.0212	-0.1201	0.2229	0.1726	0.0286	0.0222	0.0202	0.0157	19	28
15.00	-1.85	-5.00	11:44:34	236	47.42	97.00	-0.0234	-0.1004	0.1822	0.1636	0.0233	0.0209	0.0165	0.0148	16	19
15.00	-1.35	-5.00	11:44:46	215	43.73	91.78	-0.1367	-0.0724	0.1917	0.1553	0.0257	0.0208	0.0182	0.0147	16	19
15.00	-0.85	-5.00	11:44:58	185	38.39	95.86	-0.2114	-0.0318	0.1789	0.1443	0.0258	0.0208	0.0183	0.0147	19	19
15.00	-0.35	-5.00	11:45:10	175	35.42	96.21	-0.2191	-0.0090	0.1859	0.1582	0.0276	0.0235	0.0195	0.0166	19	19
15.00	0.15	-5.00	11:45:23	217	43.90	97.93	-0.2212	0.0130	0.1789	0.1394	0.0239	0.0186	0.0169	0.0131	16	19
15.00	0.65	-5.00	11:45:35	246	49.79	96.92	-0.2016	0.0615	0.1891	0.1497	0.0237	0.0187	0.0167	0.0133	16	19
15.00	1.15	-5.00	11:45:47	186	37.50	91.12	-0.1432	0.0770	0.1997	0.1744	0.0288	0.0251	0.0203	0.0178	19	22
15.00	1.65	-5.00	11:45:59	199	40.36	95.63	-0.0396	0.1237	0.2065	0.1781	0.0288	0.0248	0.0203	0.0175	19	22
15.00	2.15	-5.00	11:46:12	193	38.77	88.24	0.0028	0.1253	0.2144	0.1927	0.0303	0.0273	0.0214	0.0193	19	22
15.00	2.65	-5.00	11:46:26	261	52.73	92.26	0.0553	0.1350	0.1951	0.1738	0.0237	0.0211	0.0168	0.0149	19	22
15.00	3.15	-5.00	11:46:38	246	49.43	90.58	0.1047	0.1507	0.2146	0.1770	0.0269	0.0222	0.0190	0.0157	22	22
15.00	3.65	-5.00	11:46:50	244	49.38	70.92	0.1127	0.1692	0.2026	0.2138	0.0255	0.0269	0.0180	0.0190	19	22
15.00	4.65	-5.50	11:47:04	234	46.98	95.73	0.0788	0.2332	0.1902	0.2103	0.0244	0.0270	0.0173	0.0191	25	25
15.00	4.15	-5.50	11:47:16	213	42.96	89.26	0.0907	0.2116	0.1918	0.1704	0.0258	0.0229	0.0183	0.0162	16	22
15.00	3.65	-5.50	11:47:29	243	49.54	95.69	0.0906	0.2124	0.2003	0.1831	0.0252	0.0231	0.0178	0.0163	16	19
15.00	3.15	-5.50	11:47:41	232	46.85	93.37	0.0924	0.1810	0.2192	0.1950	0.0283	0.0251	0.0200	0.0178	16	19
15.00	2.65	-5.50	11:47:53	225	45.32	93.76	0.0671	0.1452	0.2178	0.2085	0.0285	0.0273	0.0202	0.0193	16	25
15.00	2.15	-5.50	11:48:06	204	41.54	92.13	-0.0238	0.1451	0.2309	0.1842	0.0318	0.0253	0.0225	0.0179	19	22
15.00	1.65	-5.50	11:48:18	211	42.64	94.27	-0.0773	0.0901	0.2172	0.1964	0.0294	0.0266	0.0208	0.0188	16	32
15.00	1.15	-5.50	11:48:30	200	40.75	96.48	-0.1104	0.0967	0.1968	0.1644	0.0273	0.0228	0.0193	0.0162	19	22
15.00	0.65	-5.50	11:48:42	191	38.89	94.03	-0.1670	0.0501	0.1954	0.1518	0.0278	0.0216	0.0196	0.0153	16	22
15.00	0.15	-5.50	11:48:55	176	35.95	93.08	-0.1940	0.0371	0.1921	0.1319	0.0285	0.0195	0.0201	0.0138	16	22
15.00	-0.35	-5.50	11:49:08	195	39.18	96.45	-0.2002	0.0065	0.1798	0.1414	0.0253	0.0199	0.0179	0.0141	16	22
15.00	-0.85	-5.50	11:49:20	204	41.10	94.91	-0.1918	-0.0507	0.1843	0.1433	0.0254	0.0197	0.0179	0.0139	19	22
15.00	-1.35	-5.50	11:49:32	194	39.59	93.98	-0.1349	-0.0710	0.1789	0.1538	0.0252	0.0217	0.0178	0.0153	19	22
15.00	-1.85	-5.50	11:49:45	247	49.61	97.83	-0.0754	-0.0924	0.2162	0.1604	0.0270	0.0200	0.0191	0.0142	19	22
15.00	-2.35	-5.50	11:49:57	196	39.71	93.46	-0.0073	-0.1251	0.2198	0.1985	0.0309	0.0279	0.0218	0.0197	16	22
15.00	-2.85	-5.50	11:50:10	231	46.97	94.81	0.0541	-0.1262	0.1917	0.1836	0.0248	0.0237	0.0175	0.0168	16	22
15.00	-3.35	-5.50	11:50:22	221	44.73	93.22	0.0701	-0.1059	0.2249	0.2117	0.0297	0.0280	0.0210	0.0198	16	19
15.00	-3.85	-5.50	11:50:35	244	49.33	95.73	0.1092	-0.1455	0.2241	0.2035	0.0282	0.0256	0.0199	0.0181	12	19
15.00	-4.35	-5.50	11:50:47	288	58.14	88.90	0.0755	-0.1674	0.2077	0.1741	0.0240	0.0201	0.0170	0.0142	16	22
15.00	-4.85	-5.50	11:50:59	301	60.69	93.84	0.0594	-0.1806	0.1876	0.1981	0.0212	0.0224	0.0150	0.0159	22	25
15.00	-6.85	-6.00	11:51:18	280	56.57	89.23	0.0853	-0.2017	0.2176	0.2493	0.0255	0.0292	0.0181	0.0207	22	32
15.00	-6.35	-6.00	11:51:30	245	48.94	89.64	0.0661	-0.2882	0.2179	0.2146	0.0273	0.0269	0.0193	0.0190	19	28
15.00	-5.85	-6.00	11:51:43	235	47.80	93.60	0.0187	-0.2599	0.1899	0.2199	0.0243	0.0282	0.0172	0.0199	19	32
15.00	-5.35	-6.00	11:51:56	216	43.24	92.29	0.0653	-0.2366	0.2040	0.1800	0.0273	0.0241	0.0193	0.0170	16	32
15.00	-4.85	-6.00	11:52:08	251	50.30	88.46	0.0670	-0.2135	0.2056	0.1898	0.0255	0.0235	0.0180	0.0166	16	32
15.00	-4.35	-6.00	11:52:20	234	46.86	96.66	0.0691	-0.1878	0.2132	0.2091	0.0274	0.0268	0.0194	0.0190	19	32
15.00	-3.85	-6.00	11:52:32	257	51.86	95.87	0.0813	-0.1756	0.2365	0.1882	0.0290	0.0231	0.0205	0.0163	16	22
15.00	-3.35	-6.00	11:52:45	208	42.27	94.44	0.0761	-0.1962	0.2197	0.2191	0.0299	0.0298	0.0212	0.0211	16	22
15.00	-2.85	-6.00	11:52:57	228	45.84	93.38	0.0155	-0.1300	0.2315	0.1848	0.0301	0.0240	0.0213	0.0170	16	22
15.00	-2.35	-6.00	11:53:09	244	49.06	93.17	-0.0435	-0.1088	0.2074	0.1999	0.0261	0.0251	0.0184	0.0178	16	19
15.00	-1.85	-6.00	11:53:21	206	41.54	92.53	-0.0432	-0.1247	0.1902	0.1740	0.0260	0.0238	0.0184	0.0168	16	22
15.00	-1.35	-6.00	11:53:34	215	43.13	93.89	-0.1441	-0.0870	0.1942	0.1507	0.0260	0.0202	0.0184	0.0143	16	22
15.00	-0.85	-6.00	11:53:46	190	38.47	95.72	-0.1463	-0.0742	0.1991	0.1619	0.0284	0.0231	0.0201	0.0163	16	22
15.00	-0.35	-6.00	11:53:58	209	41.90	96.05	-0.1636	0.0052	0.1953	0.1340	0.0265	0.0182	0.0188	0.0129	16	19
15.00	0.15	-6.00	11:54:10	148	29.90	91.70	-0.1871	0.0284	0.2073	0.1474	0.0335	0.0238	0.0237	0.0169	16	22
15.00	0.65	-6.00	11:54:22	190	38.66	93.26	-0.1551	0.0542	0.2031	0.1616	0.0290	0.0230	0.0205	0.0163	16	19
15.00	1.15	-6.00	11:54:34	209	42.01	97.47	-0.1033	0.0991	0.2036	0.1640	0.0277	0.0223	0.0196	0.0158	16	19
15.00	1.65	-6.00	11:54:47	190	38.66	86.98	-0.0362	0.1489	0.2116	0.1881	0.0302	0.0268	0.0213	0.0190	16	22
15.00	2.15	-6.00	11:54:59	187	37.76	94.96	0.0055	0.1271	0.2271	0.1890	0.0326	0.0272	0.0231	0.0192	16	22
15.00	2.65	-6.00	11:55:11	238	48.21	93.51	0.0441	0.1780	0.2536	0.1906	0.0323	0.0243	0.0228	0.0172	16	22
15.00	3.15	-6.00	11:55:24	174	36.02	80.29	0.0590	0.1550	0.2466	0.1960	0.0367	0.0292	0.0260	0.0207	19	25
15.00	3.65	-6.00	11:55:37	209	41.93	86.25	0.0833	0.2000	0.2176	0.2148	0.0296	0.0292	0.0209	0.0206	16	22
15.00	4.15	-6.00	11:55:49	240	48.50	92.80	0.0901	0.2216	0.2098	0.2058	0.0266	0.0261	0.0188	0.0184	16	22
15.00	4.65	-6.00	11:56:01	236	47.46	95.27	0.0712	0.2432	0.2087	0.1908	0.0267	0.0244	0.0189	0.0173	16	22
15.00	5.15	-6.00	11:56:14	204	40.46	90.02	0.0539	0.2943	0.2076	0.1893	0.0286	0.0260	0.0202	0.0184	16	22
15.00	5.65	-6.00	11:56:27	226	45.22	93.40	0.0655	0.2853	0.2160	0.2097	0.0282	0.0274	0.0200	0.0194	22	19
15.00	6.15	-6.00	11:56:39	263	52.80	90.61	0.0593	0.2437	0.1859	0.2244	0.0225	0.0272	0.0159	0.0192	22	25
15.00	6.65	-6.00	11:56:52	196	39.67	95.94	0.0649	0.2185	0.1817	0.2434	0.0255	0.0342	0.0180	0.0242	19	19
15.00	7.15	-6.00	11:57:04	226	45.86	95.47	0.0817	0.2136	0.2126	0.2388	0.0278	0.0312	0.0196	0.0221	22	32
15.00	7.15	-6.50	11:57:16	217	44.32	74.55	0.0370	0.2514	0.2274	0.2254	0.0303	0.0301	0.0214	0.0213	16	19
15.00	6.65	-6.50	11:57:29	243	49.11	93.54	0.0354	0.2855	0.2099	0.1933	0.0264	0.0244	0.0187	0.0172	16	22
15.00	6.15	-6.50	11:57:41	232	46.62	90.04	0.0350	0.2763	0.2049	0.1935	0.0264	0.0250	0.0187	0.0176	16	22
15.00	5.65	-6.50	11:57:54	227	45.50	91.85	0.0505	0.2789	0.2076	0.1846	0.0271	0.0241	0.0191	0.0170	19	22
15.00	5.15	-6.50	11:58:06	215	43.25	97.04	0.0805	0.2638	0.2255	0.1859	0.0302	0.0249	0.0214	0.0176	19	19
15.00	4.65	-6.50	11:58:18	213	42.91	93.73	0.0369	0.2655	0.2221	0.2182	0.0299	0.0294	0.0211	0.0208	16	19
15.00	4.15	-6.50	11:58:30	222	45.34	96.81	0.0569	0.2726	0.2236	0.2145	0.0295	0.0283	0.0208	0.0200	16	22
15.00	3.65	-6.50	11:58:43	186	37.93	93.10	0.0552	0.2448	0.2406	0.2134	0.0347	0.0308	0.0245	0.0217	16	22
15.00	3.15	-6.50	11:58:55	199	39.90	96.61	0.0192	0.2293	0.2362	0.2130	0.0329	0.0297	0.0233	0.0210	16	19
15.00	2.65	-6.50	11:59:07	195	39.01	95.53	0.0152	0.2052	0.2605	0.2179	0.0367	0.0307	0.0259	0.0217	16	19
15.00	2.15	-6.50	11:59:20	205	41.82	94.73	-0.0136	0.1856	0.2570	0.2053	0.0353	0.0282	0.0249	0.0199	16	25
15.00	1.65	-6.50	11:59:33	170	34.24	95.02	-0.0355	0.1528	0.2422	0.1955	0.0365	0.0295	0.0258	0.0208	16	22
15.00	1.15	-6.50	11:59:45	178	36.19	94.08	-0.0860	0.1466	0.2325	0.1692	0.0343	0.0249	0.0242	0.0176	12	19
15.00	0.65	-6.50	11:59:57	201	40.51	95.37	-0.1292	0.0915	0.2504	0.1651	0.0347	0.0229	0.0245	0.0162	16	19
15.00	0.15	-6.50	12:00:09	132	26.52	95.40	-0.1767	0.0483	0.2238	0.1770	0.0383	0.0303	0.0271	0.0214	12	19
15.00	-0.35	-6.50	12:00:21	190	38.10	94.48	-0.1399	-0.0082	0.2031	0.1570	0.0290	0.0224	0.0205	0.0158	16	22
15.00	-0.85	-6.50	12:00:33	205	42.63	89.86	-0.1571	-0.0442	0.2144	0.1570	0.0294	0.0215	0.0208	0.0152	16	22
15.00	-1.35	-6.50	12:00:46	193	39.20	95.96	-0.1107	-0.1238	0.2085	0.1512	0.0295	0.0214	0.0209	0.0151	16	22
15.00	-1.85	-6.50	12:00:58	206	41.89	95.81	-0.0575	-0.1473	0.2378	0.1553	0.0326	0.0213	0.0230	0.0150	16	22
15.00	-2.35	-6.50	12:01:10	235	47.39	94.12	-0.0284	-0.1743	0.2091	0.1888	0.0268	0.0242	0.0189	0.0171	16	22
15.00	-2.85	-6.50	12:01:22	216	43.25	91.76	0.0123	-0.1830	0.2376	0.1736	0.0318	0.0232	0.0225	0.0164	16	25
15.00	-3.35	-6.50	12:01:35	210	42.56	96.38	0.0801	-0.1845	0.2392	0.2089	0.0324	0.0283	0.0229	0.0200	16	22
15.00	-3.85	-6.50	12:01:48	213	43.09	94.80	0.0289	-0.2243	0.2042	0.2093	0.0275	0.0282	0.0194	0.0199	16	19
15.00	-4.35	-6.50	12:02:00	236	47.52	96.78	0.0910	-0.2453	0.2415	0.2102	0.0309	0.0269	0.0218	0.0190	16	19
15.00	-4.85	-6.50	12:02:13	263	52.78	95.77	0.0483	-0.2223	0.2406	0.2134	0.0291	0.0258	0.0206	0.0183	16	22
15.00	-5.35	-6.50	12:02:25	240	48.55	94.11	0.0302	-0.2512	0.2082	0.1937	0.0264	0.0246	0.0187	0.0174	16	19
15.00	-5.85	-6.50	12:02:38	234	46.88	96.71	0.0348	-0.2680	0.1970	0.2006	0.0253	0.0258	0.0179	0.0182	16	22
15.00	-6.35	-6.50	12:02:50	253	51.72	95.70	0.0298	-0.2763	0.2037	0.1897	0.0252	0.0234	0.0178	0.0166	19	19
15.00	-6.85	-6.50	12:03:02	244	49.20	88.17	0.0403	-0.2272	0.1938	0.2166	0.0244	0.0272	0.0172	0.0193	19	22
15.00	-6.85	-7.00	12:03:14	224	45.17	91.49	-0.0006	-0.2733	0.2274	0.1856	0.0299	0.0244	0.0211	0.0172	19	22
15.00	-6.35	-7.00	12:03:26	187	38.12	91.27	0.0238	-0.2758	0.2218	0.1974	0.0319	0.0284	0.0225	0.0201	16	19
15.00	-5.85	-7.00	12:03:38	206	41.41	96.80	0.0255	-0.2646	0.2126	0.2006	0.0291	0.0275	0.0206	0.0194	16	22
15.00	-5.35	-7.00	12:03:50	190	38.37	91.65	-0.0109	-0.2896	0.2169	0.2292	0.0309	0.0327	0.0219	0.0231	16	22
15.00	-4.85	-7.00	12:04:03	206	41.31	88.92	0.0260	-0.2726	0.2437	0.2178	0.0334	0.0298	0.0236	0.0211	16	22
15.00	-4.35	-7.00	12:04:15	205	41.26	94.17	0.0611	-0.2867	0.2452	0.2026	0.0336	0.0278	0.0238	0.0197	16	22
15.00	-3.85	-7.00	12:04:27	199	40.30	91.99	0.0256	-0.2741	0.2285	0.2125	0.0318	0.0296	0.0225	0.0209	12	19
15.00	-3.35	-7.00	12:04:40	224	44.87	95.29	0.0404	-0.2347	0.2304	0.2004	0.0302	0.0263	0.0214	0.0186	16	22
15.00	-2.85	-7.00	12:04:52	227	45.66	92.54	0.0485	-0.2042	0.2380	0.2033	0.0310	0.0265	0.0219	0.0187	16	22
15.00	-2.35	-7.00	12:05:04	198	39.82	96.86	0.0410	-0.2183	0.2362	0.1860	0.0330	0.0260	0.0233	0.0184	16	28
15.00	-1.85	-7.00	12:05:16	207	41.88	91.56	-0.0152	-0.1829	0.2668	0.1701	0.0364	0.0232	0.0258	0.0164	16	35
15.00	-1.35	-7.00	12:05:29	193	39.67	97.77	-0.0394	-0.1511	0.2484	0.1731	0.0351	0.0245	0.0248	0.0173	12	25
15.00	-0.85	-7.00	12:05:41	175	35.08	96.79	-0.0712	-0.0585	0.2892	0.1589	0.0430	0.0236	0.0304	0.0167	22	25
15.00	-0.35	-7.00	12:05:54	185	37.66	97.43	-0.1118	0.0028	0.2834	0.1565	0.0410	0.0226	0.0290	0.0160	16	25
15.00	0.15	-7.00	12:06:06	155	31.93	93.86	-0.1119	0.0628	0.2500	0.1800	0.0395	0.0284	0.0279	0.0201	22	25
15.00	0.65	-7.00	12:06:19	166	33.34	97.51	-0.1133	0.0961	0.2606	0.1791	0.0398	0.0273	0.0281	0.0193	16	28
15.00	1.15	-7.00	12:06:31	190	38.26	91.72	-0.0318	0.1501	0.2551	0.1769	0.0364	0.0252	0.0257	0.0178	16	38
15.00	1.65	-7.00	12:06:43	205	40.70	94.30	-0.0262	0.2076	0.2315	0.1885	0.0318	0.0259	0.0225	0.0183	16	54
15.00	2.15	-7.00	12:06:56	169	34.16	96.40	-0.0206	0.2330	0.2671	0.2014	0.0404	0.0305	0.0286	0.0215	16	19
15.00	2.65	-7.00	12:07:08	213	43.23	92.39	0.0333	0.2139	0.2438	0.1891	0.0328	0.0255	0.0232	0.0180	12	19
15.00	3.15	-7.00	12:07:21	158	32.36	94.05	0.0034	0.2466	0.2358	0.1984	0.0369	0.0310	0.0261	0.0219	16	22
15.00	3.65	-7.00	12:07:33	203	40.87	94.86	0.0216	0.3058	0.2512	0.1880	0.0346	0.0259	0.0245	0.0183	12	25
15.00	4.15	-7.00	12:07:45	234	47.72	90.98	0.0457	0.2880	0.2488	0.2105	0.0319	0.0270	0.0226	0.0191	16	25
15.00	4.65	-7.00	12:07:58	243	48.67	95.65	0.0684	0.3169	0.2305	0.2082	0.0290	0.0262	0.0205	0.0186	16	25
15.00	5.15	-7.00	12:08:10	246	49.45	92.24	0.0770	0.2781	0.2231	0.2032	0.0279	0.0254	0.0198	0.0180	16	22
15.00	5.65	-7.00	12:08:22	204	41.34	96.44	0.0208	0.3187	0.2364	0.1875	0.0325	0.0258	0.0230	0.0182	22	22
15.00	6.15	-7.00	12:08:34	217	44.21	96.24	0.0203	0.2856	0.2211	0.1892	0.0295	0.0252	0.0208	0.0178	22	22
15.00	6.65	-7.00	12:08:46	229	45.87	93.93	0.0400	0.2955	0.2072	0.1894	0.0269	0.0246	0.0190	0.0174	19	22
15.00	7.15	-7.00	12:08:58	239	48.12	95.44	0.0089	0.2917	0.1979	0.2016	0.0251	0.0256	0.0178	0.0181	25	19
15.00	7.15	-7.50	12:09:11	222	44.96	92.89	-0.0130	0.2585	0.2290	0.2131	0.0302	0.0281	0.0213	0.0199	19	22
15.00	6.65	-7.50	12:09:24	226	45.49	95.86	0.0149	0.2639	0.2267	0.2112	0.0296	0.0276	0.0209	0.0195	19	25
15.00	6.15	-7.50	12:09:36	199	40.04	94.07	0.0053	0.2800	0.2401	0.1872	0.0334	0.0261	0.0236	0.0184	19	22
15.00	5.65	-7.50	12:09:48	205	42.44	92.96	0.0301	0.2679	0.2201	0.1917	0.0302	0.0263	0.0214	0.0186	16	22
15.00	5.15	-7.50	12:10:00	237	47.83	97.17	-0.0177	0.2890	0.2269	0.2206	0.0289	0.0281	0.0205	0.0199	16	19
15.00	4.65	-7.50	12:10:14	214	43.45	96.60	0.0422	0.2842	0.2440	0.2148	0.0328	0.0289	0.0232	0.0204	16	22
15.00	4.15	-7.50	12:10:26	230	46.45	82.07	0.0380	0.2844	0.2597	0.2081	0.0336	0.0270	0.0238	0.0191	16	25
15.00	3.65	-7.50	12:10:38	241	48.64	91.57	0.0332	0.3058	0.2542	0.2079	0.0322	0.0263	0.0227	0.0186	16	25
15.00	3.15	-7.50	12:10:50	202	40.62	96.73	-0.0018	0.2798	0.2638	0.2006	0.0365	0.0277	0.0258	0.0196	16	19
15.00	2.65	-7.50	12:11:03	179	36.69	97.78	0.0218	0.2791	0.2279	0.1888	0.0335	0.0277	0.0237	0.0196	16	19
15.00	2.15	-7.50	12:11:15	204	40.99	96.42	0.0118	0.2338	0.2275	0.1818	0.0313	0.0250	0.0221	0.0177	16	25
15.00	1.65	-7.50	12:11:27	150	30.12	85.87	-0.0043	0.2515	0.2543	0.1841	0.0408	0.0296	0.0289	0.0209	16	22
15.00	1.15	-7.50	12:11:39	184	37.34	95.79	-0.0342	0.1933	0.2582	0.1768	0.0374	0.0256	0.0264	0.0181	19	22
15.00	0.65	-7.50	12:11:51	177	35.61	94.05	-0.0214	0.1464	0.2779	0.1697	0.0411	0.0251	0.0290	0.0177	19	19
15.00	0.15	-7.50	12:12:03	155	31.24	95.19	-0.0757	0.0463	0.2515	0.1772	0.0397	0.0280	0.0281	0.0198	19	32
15.00	-0.35	-7.50	12:12:16	199	40.55	93.57	-0.0269	-0.0202	0.2889	0.1547	0.0402	0.0216	0.0285	0.0152	16	32
15.00	-0.85	-7.50	12:12:29	244	49.11	95.57	-0.0226	-0.0824	0.2954	0.1681	0.0371	0.0211	0.0263	0.0149	19	28
15.00	-1.35	-7.50	12:12:42	181	37.37	96.22	-0.0149	-0.1743	0.2803	0.1542	0.0409	0.0225	0.0290	0.0159	16	22
15.00	-1.85	-7.50	12:12:54	209	42.15	93.05	0.0377	-0.1800	0.2635	0.2068	0.0358	0.0281	0.0253	0.0199	16	22
15.00	-2.35	-7.50	12:13:06	220	44.54	96.19	0.0553	-0.2479	0.2449	0.1922	0.0324	0.0255	0.0229	0.0180	16	25
15.00	-2.85	-7.50	12:13:19	214	42.98	95.82	0.0517	-0.2351	0.2175	0.1809	0.0292	0.0243	0.0207	0.0172	16	22
15.00	-3.35	-7.50	12:13:31	218	44.21	95.15	0.0451	-0.2530	0.2350	0.1963	0.0313	0.0261	0.0221	0.0185	16	19
15.00	-3.85	-7.50	12:13:43	228	46.23	94.94	0.0567	-0.2723	0.2487	0.1972	0.0324	0.0256	0.0229	0.0181	16	22
15.00	-4.35	-7.50	12:13:55	224	45.20	93.10	0.0288	-0.2965	0.2330	0.2068	0.0306	0.0271	0.0216	0.0192	16	25
15.00	-4.85	-7.50	12:14:07	226	45.80	88.18	0.0214	-0.2790	0.2402	0.2038	0.0314	0.0266	0.0222	0.0188	12	25
15.00	-5.35	-7.50	12:14:20	228	46.21	92.33	0.0059	-0.2894	0.2187	0.2021	0.0285	0.0263	0.0201	0.0186	12	25
15.00	-5.85	-7.50	12:14:32	242	48.50	94.94	0.0316	-0.3189	0.2236	0.1850	0.0282	0.0234	0.0200	0.0165	16	22
15.00	-6.35	-7.50	12:14:45	197	39.49	95.60	-0.0236	-0.2892	0.2059	0.1974	0.0288	0.0276	0.0204	0.0195	16	22
15.00	-6.85	-7.50	12:14:57	232	46.68	94.35	-0.0068	-0.2755	0.2094	0.1906	0.0270	0.0246	0.0191	0.0174	22	28
15.00	-6.85	-8.00	12:15:09	189	38.10	95.11	-0.0377	-0.2814	0.2124	0.2187	0.0304	0.0313	0.0215	0.0221	19	22
15.00	-6.35	-8.00	12:15:21	250	50.33	98.26	0.0142	-0.2976	0.2243	0.2152	0.0279	0.0267	0.0197	0.0189	16	19
15.00	-5.85	-8.00	12:15:33	274	54.85	94.54	0.0120	-0.2843	0.1973	0.1901	0.0234	0.0226	0.0165	0.0159	16	19
15.00	-5.35	-8.00	12:15:46	262	52.54	93.58	-0.0132	-0.2837	0.2385	0.1899	0.0289	0.0230	0.0205	0.0163	16	22
15.00	-4.85	-8.00	12:15:58	221	44.37	95.08	0.0102	-0.2894	0.2489	0.2275	0.0329	0.0301	0.0233	0.0213	19	25
15.00	-4.35	-8.00	12:16:11	208	42.07	95.79	0.0004	-0.2515	0.2433	0.2218	0.0331	0.0302	0.0234	0.0214	16	22
15.00	-3.85	-8.00	12:16:23	220	44.57	95.32	-0.0079	-0.2680	0.2291	0.2214	0.0303	0.0293	0.0215	0.0207	16	22
15.00	-3.35	-8.00	12:16:35	180	36.01	94.43	0.0146	-0.2403	0.2843	0.2240	0.0417	0.0328	0.0295	0.0232	16	25
15.00	-2.85	-8.00	12:16:47	213	43.28	93.28	0.0356	-0.2634	0.2552	0.2146	0.0344	0.0289	0.0243	0.0204	16	22
15.00	-2.35	-8.00	12:16:59	205	41.27	96.90	0.0317	-0.2176	0.2419	0.1883	0.0332	0.0258	0.0235	0.0183	16	22
15.00	-1.85	-8.00	12:17:11	190	38.57	93.95	0.0368	-0.1986	0.2456	0.1849	0.0350	0.0264	0.0248	0.0186	12	22
15.00	-1.35	-8.00	12:17:23	196	39.70	92.26	0.0460	-0.1864	0.2510	0.1587	0.0352	0.0223	0.0249	0.0157	16	19
15.00	-0.85	-8.00	12:17:36	185	37.30	90.59	0.0851	-0.0984	0.2923	0.1531	0.0422	0.0221	0.0299	0.0156	16	22
15.00	-0.35	-8.00	12:17:48	183	36.77	95.07	0.0208	-0.0105	0.3050	0.1780	0.0443	0.0259	0.0313	0.0183	19	19
15.00	0.15	-8.00	12:18:01	135	27.68	89.54	0.0268	0.0753	0.3053	0.1616	0.0517	0.0274	0.0366	0.0193	16	19
15.00	0.65	-8.00	12:18:13	171	34.49	96.67	0.0817	0.1326	0.2770	0.1730	0.0416	0.0260	0.0294	0.0184	16	22
15.00	1.15	-8.00	12:18:26	189	38.26	95.26	0.0153	0.1733	0.2792	0.1874	0.0399	0.0268	0.0282	0.0189	19	19
15.00	1.65	-8.00	12:18:38	189	37.91	97.82	-0.0007	0.2053	0.2476	0.1899	0.0354	0.0271	0.0250	0.0192	19	25
15.00	2.15	-8.00	12:18:50	184	37.22	73.09	0.0073	0.2455	0.2374	0.2057	0.0344	0.0298	0.0243	0.0211	16	22
15.00	2.65	-8.00	12:19:02	208	42.10	94.06	-0.0108	0.2659	0.2180	0.2071	0.0297	0.0282	0.0210	0.0199	16	19
15.00	3.15	-8.00	12:19:15	243	48.84	88.10	0.0127	0.2781	0.2306	0.2105	0.0291	0.0265	0.0205	0.0188	16	19
15.00	3.65	-8.00	12:19:27	207	41.71	95.61	0.0161	0.2630	0.2555	0.1986	0.0349	0.0271	0.0247	0.0192	16	22
15.00	4.15	-8.00	12:19:39	225	45.29	94.69	-0.0169	0.2643	0.2429	0.2056	0.0318	0.0269	0.0225	0.0190	16	22
15.00	4.65	-8.00	12:19:52	179	36.85	95.01	0.0029	0.2949	0.2431	0.2019	0.0357	0.0297	0.0253	0.0210	16	19
15.00	5.15	-8.00	12:20:05	239	48.40	94.86	0.0190	0.2776	0.2272	0.1896	0.0289	0.0241	0.0204	0.0170	16	19
15.00	5.65	-8.00	12:20:17	192	38.48	92.88	-0.0444	0.3202	0.2224	0.2082	0.0315	0.0295	0.0223	0.0209	16	19
15.00	6.15	-8.00	12:20:29	226	45.76	95.22	-0.0143	0.2729	0.2108	0.2173	0.0275	0.0284	0.0195	0.0201	16	22
15.00	6.65	-8.00	12:20:42	187	37.72	93.35	-0.0394	0.2755	0.2005	0.1983	0.0288	0.0285	0.0204	0.0202	19	19
15.00	7.15	-8.00	12:20:54	225	45.72	96.49	-0.0348	0.2250	0.2161	0.2319	0.0283	0.0304	0.0200	0.0215	19	28
15.00	6.15	-8.50	12:21:08	197	39.59	92.23	-0.0311	0.2457	0.2391	0.2491	0.0335	0.0349	0.0237	0.0247	19	22
15.00	5.65	-8.50	12:21:21	213	42.62	91.63	-0.0185	0.2658	0.2082	0.2401	0.0280	0.0323	0.0198	0.0229	16	19
15.00	5.15	-8.50	12:21:33	213	42.79	95.84	-0.0196	0.3005	0.2290	0.2152	0.0308	0.0290	0.0218	0.0205	22	25
15.00	4.65	-8.50	12:21:45	208	41.87	91.16	-0.0352	0.2566	0.2278	0.2045	0.0310	0.0279	0.0219	0.0197	22	19
15.00	4.15	-8.50	12:21:59	201	40.49	75.69	-0.0275	0.2584	0.2118	0.1940	0.0294	0.0269	0.0208	0.0190	16	22
15.00	3.65	-8.50	12:22:11	238	48.63	95.61	-0.0409	0.2291	0.2262	0.2255	0.0288	0.0287	0.0204	0.0203	16	22
15.00	3.15	-8.50	12:22:23	261	52.43	86.19	-0.0118	0.2324	0.2415	0.2110	0.0294	0.0256	0.0208	0.0181	16	19
15.00	2.65	-8.50	12:22:35	244	49.41	97.33	0.0180	0.2210	0.2417	0.1969	0.0304	0.0248	0.0215	0.0175	19	22
15.00	2.15	-8.50	12:22:48	195	39.55	95.91	0.0238	0.2226	0.2413	0.2136	0.0340	0.0301	0.0240	0.0213	16	25
15.00	1.65	-8.50	12:23:00	209	42.18	95.85	0.0531	0.1810	0.2357	0.2003	0.0320	0.0272	0.0227	0.0192	16	25
15.00	1.15	-8.50	12:23:12	195	39.42	97.00	0.0986	0.1440	0.2514	0.1894	0.0354	0.0267	0.0250	0.0188	19	25
15.00	0.65	-8.50	12:23:25	163	33.23	92.82	0.1526	0.0993	0.2142	0.1614	0.0330	0.0249	0.0233	0.0176	16	19
15.00	0.15	-8.50	12:23:37	160	32.60	91.96	0.0918	0.0615	0.2920	0.1753	0.0454	0.0272	0.0321	0.0193	16	19
15.00	-0.35	-8.50	12:23:49	189	37.95	94.48	0.1319	0.0044	0.2443	0.1672	0.0349	0.0239	0.0247	0.0169	16	25
15.00	-0.85	-8.50	12:24:01	221	44.81	95.91	0.1545	-0.0852	0.2422	0.1619	0.0320	0.0214	0.0226	0.0151	16	19
15.00	-1.35	-8.50	12:24:14	158	32.92	90.54	0.0989	-0.1091	0.2278	0.1840	0.0356	0.0288	0.0252	0.0203	16	19
15.00	-1.85	-8.50	12:24:26	194	39.28	92.29	0.0720	-0.1762	0.2255	0.1882	0.0318	0.0266	0.0225	0.0188	16	19
15.00	-2.35	-8.50	12:24:38	180	36.05	90.85	0.0643	-0.1978	0.2238	0.2039	0.0328	0.0299	0.0232	0.0211	19	22
15.00	-2.85	-8.50	12:24:51	195	39.44	93.16	0.0658	-0.1968	0.2455	0.2168	0.0345	0.0305	0.0244	0.0216	16	22
15.00	-3.35	-8.50	12:25:03	185	37.61	94.72	-0.0085	-0.2377	0.2467	0.2239	0.0356	0.0324	0.0252	0.0229	16	22
15.00	-3.85	-8.50	12:25:15	234	46.82	90.36	-0.0218	-0.2513	0.2345	0.2152	0.0301	0.0276	0.0213	0.0195	19	22
15.00	-4.35	-8.50	12:25:27	245	49.27	93.49	-0.0338	-0.2490	0.2066	0.1962	0.0259	0.0246	0.0183	0.0174	16	22
15.00	-4.85	-8.50	12:25:40	242	50.65	91.83	-0.0658	-0.2330	0.2111	0.1898	0.0267	0.0240	0.0188	0.0169	16	25
15.00	-5.35	-8.50	12:25:52	225	46.11	94.62	-0.0583	-0.2900	0.2188	0.1950	0.0287	0.0255	0.0203	0.0181	16	28
15.00	-5.85	-8.50	12:26:04	234	47.23	94.61	-0.0128	-0.2979	0.2237	0.2067	0.0287	0.0265	0.0203	0.0188	22	38
15.00	-3.85	-9.00	12:26:24	223	44.86	94.79	-0.0524	-0.2066	0.2393	0.1895	0.0315	0.0249	0.0223	0.0176	16	19
15.00	-3.35	-9.00	12:26:37	208	41.83	94.99	0.0019	-0.2036	0.2493	0.2007	0.0340	0.0273	0.0240	0.0193	19	22
15.00	-2.85	-9.00	12:26:50	166	33.79	94.46	0.0153	-0.1842	0.2272	0.1976	0.0347	0.0302	0.0245	0.0213	19	22
15.00	-2.35	-9.00	12:27:02	206	41.71	94.24	0.0571	-0.1586	0.2285	0.2015	0.0313	0.0276	0.0221	0.0195	16	19
15.00	-1.85	-9.00	12:27:14	194	39.09	82.63	0.0889	-0.1582	0.2365	0.1487	0.0334	0.0210	0.0236	0.0148	16	22
15.00	-1.35	-9.00	12:27:26	149	29.83	89.93	0.1610	-0.1080	0.2269	0.1921	0.0366	0.0309	0.0259	0.0219	19	22
15.00	-0.85	-9.00	12:27:38	207	41.71	85.93	0.1754	-0.0747	0.2203	0.1645	0.0301	0.0225	0.0213	0.0159	19	22
15.00	-0.35	-9.00	12:27:50	156	31.33	96.17	0.1555	-0.0190	0.2429	0.1409	0.0382	0.0222	0.0270	0.0157	19	22
15.00	0.15	-9.00	12:28:02	155	31.17	98.48	0.1506	0.0210	0.2464	0.1446	0.0389	0.0228	0.0275	0.0162	16	16
15.00	0.65	-9.00	12:28:16	162	32.93	94.25	0.1509	0.0663	0.2294	0.1621	0.0354	0.0250	0.0251	0.0177	16	19
15.00	1.15	-9.00	12:28:28	153	30.60	90.96	0.0840	0.1113	0.2445	0.1971	0.0389	0.0313	0.0275	0.0222	19	22
15.00	1.65	-9.00	12:28:41	157	31.67	92.79	0.0551	0.1553	0.2208	0.1891	0.0346	0.0297	0.0245	0.0210	16	22
15.00	2.15	-9.00	12:28:54	140	28.45	93.66	0.0010	0.1651	0.2564	0.2273	0.0426	0.0378	0.0301	0.0267	19	22
15.00	2.65	-9.00	12:29:06	193	38.88	95.42	0.0062	0.1887	0.2364	0.2390	0.0334	0.0338	0.0236	0.0239	16	19
15.00	3.15	-9.00	12:29:18	237	47.60	97.74	-0.0213	0.2325	0.2395	0.2041	0.0306	0.0260	0.0216	0.0184	19	22
15.00	3.65	-9.00	12:29:30	184	37.23	94.49	-0.0634	0.2148	0.2060	0.2192	0.0298	0.0318	0.0211	0.0225	19	22
15.00	4.15	-9.00	12:29:42	219	44.30	98.33	-0.0170	0.2617	0.2326	0.1791	0.0309	0.0238	0.0218	0.0168	22	19
15.00	3.65	-9.50	12:29:54	191	38.99	93.54	-0.0957	0.2490	0.2289	0.1971	0.0326	0.0280	0.0230	0.0198	19	25
15.00	3.15	-9.50	12:30:07	194	39.03	86.17	-0.0682	0.1811	0.2023	0.1990	0.0285	0.0281	0.0202	0.0198	19	22
15.00	2.65	-9.50	12:30:19	158	31.59	95.18	-0.0207	0.1638	0.2350	0.2030	0.0368	0.0318	0.0260	0.0225	19	28
15.00	2.15	-9.50	12:30:31	176	35.69	96.56	0.0308	0.1740	0.2546	0.2010	0.0377	0.0298	0.0267	0.0211	19	19
15.00	1.65	-9.50	12:30:44	124	25.90	96.29	0.0230	0.1204	0.2254	0.1868	0.0398	0.0330	0.0282	0.0233	19	19
15.00	1.15	-9.50	12:30:57	176	36.74	98.02	0.1206	0.1104	0.2122	0.1863	0.0314	0.0276	0.0222	0.0195	19	19
15.00	0.65	-9.50	12:31:11	160	32.37	97.41	0.1534	0.0604	0.2015	0.1437	0.0313	0.0223	0.0221	0.0158	19	22
15.00	0.15	-9.50	12:31:23	124	25.48	96.62	0.2112	0.0358	0.2163	0.1290	0.0382	0.0228	0.0270	0.0161	19	19
15.00	-0.35	-9.50	12:31:35	144	29.33	89.29	0.2040	-0.0087	0.1973	0.1508	0.0323	0.0247	0.0229	0.0175	16	22
15.00	-0.85	-9.50	12:31:47	156	31.41	90.84	0.1858	-0.0408	0.2206	0.1454	0.0347	0.0229	0.0246	0.0162	22	19
15.00	-1.35	-9.50	12:32:00	182	36.57	96.14	0.1551	-0.0935	0.2168	0.1561	0.0316	0.0227	0.0223	0.0161	16	19
15.00	-1.85	-9.50	12:32:12	156	32.04	96.85	0.0811	-0.1204	0.2291	0.1803	0.0361	0.0284	0.0255	0.0201	16	22
15.00	-2.35	-9.50	12:32:24	170	34.10	94.88	0.0400	-0.1414	0.2278	0.1834	0.0343	0.0277	0.0243	0.0196	19	19
15.00	-2.85	-9.50	12:32:37	154	31.09	95.21	0.0226	-0.1964	0.2366	0.1828	0.0375	0.0290	0.0265	0.0205	22	19
15.00	-3.35	-9.50	12:32:49	171	34.37	93.53	-0.0114	-0.1821	0.2305	0.1951	0.0347	0.0293	0.0245	0.0207	16	19
15.00	-2.85	-10.00	12:33:01	152	31.12	96.11	-0.0177	-0.1434	0.2144	0.1888	0.0342	0.0301	0.0242	0.0213	19	22
15.00	-2.35	-10.00	12:33:13	162	32.65	95.24	0.0055	-0.1186	0.2127	0.1710	0.0329	0.0264	0.0232	0.0187	16	19
15.00	-1.85	-10.00	12:33:26	131	26.27	98.28	0.0890	-0.1284	0.2094	0.1735	0.0360	0.0298	0.0254	0.0211	16	19
15.00	-1.35	-10.00	12:33:38	121	24.71	94.64	0.1627	-0.0731	0.1883	0.1632	0.0337	0.0292	0.0238	0.0206	19	19
15.00	-0.85	-10.00	12:33:50	172	34.80	96.46	0.2138	-0.0351	0.1694	0.1514	0.0254	0.0227	0.0180	0.0160	16	19
15.00	-0.35	-10.00	12:34:02	146	30.18	97.97	0.2646	-0.0076	0.1903	0.1517	0.0310	0.0247	0.0219	0.0175	16	19
15.00	0.15	-10.00	12:34:14	152	31.26	94.71	0.2271	-0.0021	0.1667	0.1301	0.0266	0.0208	0.0188	0.0147	16	19
15.00	0.65	-10.00	12:34:26	125	25.65	97.50	0.1834	0.0509	0.1613	0.1480	0.0284	0.0261	0.0201	0.0184	12	19
15.00	1.15	-10.00	12:34:38	169	33.74	98.26	0.1236	0.0828	0.2101	0.1458	0.0318	0.0221	0.0225	0.0156	19	22
15.00	1.65	-10.00	12:34:52	142	28.87	92.35	0.0499	0.1283	0.2184	0.1770	0.0360	0.0292	0.0255	0.0207	16	19
15.00	2.15	-10.00	12:35:04	178	36.04	92.29	0.0304	0.1216	0.1939	0.1907	0.0286	0.0281	0.0202	0.0199	19	19
15.00	2.65	-10.00	12:35:17	154	31.23	83.35	-0.0532	0.1677	0.2167	0.1868	0.0343	0.0296	0.0243	0.0209	16	22
15.00	2.65	-10.50	12:35:29	179	36.27	91.33	-0.0543	0.1539	0.1873	0.2002	0.0275	0.0294	0.0195	0.0208	19	19
15.00	2.15	-10.50	12:35:42	135	27.48	96.37	0.0269	0.1498	0.1604	0.1578	0.0272	0.0267	0.0192	0.0189	19	19
15.00	1.65	-10.50	12:35:55	168	34.14	98.35	0.0883	0.0935	0.2155	0.1707	0.0327	0.0259	0.0231	0.0183	16	19
15.00	1.15	-10.50	12:36:09	150	30.17	97.73	0.1170	0.0435	0.2140	0.1845	0.0344	0.0296	0.0243	0.0210	22	19
15.00	0.65	-10.50	12:36:21	118	24.52	92.53	0.1842	0.0423	0.2021	0.1401	0.0366	0.0254	0.0259	0.0179	16	19
15.00	0.15	-10.50	12:36:33	149	30.28	79.23	0.2562	0.0402	0.1940	0.1789	0.0313	0.0288	0.0221	0.0204	16	19
15.00	-0.35	-10.50	12:36:45	209	42.02	95.58	0.2684	-0.0209	0.1839	0.1303	0.0250	0.0177	0.0177	0.0125	16	19
15.00	-0.85	-10.50	12:36:58	150	30.10	97.22	0.2545	-0.0568	0.1678	0.1546	0.0269	0.0248	0.0191	0.0175	19	22
15.00	-1.35	-10.50	12:37:11	92	18.50	98.00	0.1640	-0.0781	0.1597	0.1572	0.0328	0.0323	0.0232	0.0228	16	19
15.00	-1.85	-10.50	12:37:23	96	19.89	95.18	0.1093	-0.0970	0.1772	0.1794	0.0356	0.0361	0.0252	0.0255	16	19
15.00	-2.35	-10.50	12:37:35	137	27.37	88.10	0.0302	-0.1580	0.1960	0.1765	0.0329	0.0297	0.0233	0.0210	19	19
15.00	-1.85	-11.00	12:37:47	49	9.90	95.00	0.1204	-0.0824	0.1566	0.2153	0.0443	0.0609	0.0313	0.0431	16	22
15.00	-1.35	-11.00	12:38:01	97	19.30	89.48	0.1476	-0.0628	0.1612	0.1643	0.0322	0.0329	0.0228	0.0232	19	19
15.00	-0.85	-11.00	12:38:13	123	24.92	94.48	0.2453	-0.0297	0.1835	0.1622	0.0326	0.0288	0.0230	0.0204	16	19
15.00	-0.35	-11.00	12:38:26	176	35.33	95.27	0.2964	-0.0170	0.1955	0.1529	0.0290	0.0226	0.0205	0.0160	16	19
15.00	0.15	-11.00	12:38:38	163	33.20	92.38	0.2635	0.0115	0.1852	0.1528	0.0285	0.0235	0.0202	0.0166	19	19
15.00	0.65	-11.00	12:38:51	111	22.56	96.90	0.2394	0.0383	0.1855	0.1556	0.0347	0.0291	0.0245	0.0206	16	19
15.00	1.15	-11.00	12:39:03	132	27.47	94.89	0.1961	0.0713	0.2018	0.1556	0.0346	0.0266	0.0244	0.0188	25	22
15.00	1.65	-11.00	12:39:16	166	33.71	96.80	0.0929	0.0939	0.1869	0.1559	0.0285	0.0238	0.0202	0.0168	16	19
15.00	2.15	-11.00	12:39:28	159	32.22	94.75	-0.0486	0.1248	0.1959	0.1822	0.0305	0.0284	0.0216	0.0201	19	19
15.00	1.65	-11.50	12:39:40	154	30.80	92.22	0.1175	0.0788	0.1991	0.1712	0.0315	0.0271	0.0223	0.0192	22	28
15.00	1.15	-11.50	12:39:53	130	26.33	96.20	0.1796	0.0957	0.1846	0.1624	0.0319	0.0280	0.0225	0.0198	22	22
15.00	0.65	-11.50	12:40:06	89	18.33	86.58	0.2720	0.0574	0.1389	0.1592	0.0290	0.0333	0.0205	0.0235	16	25
15.00	0.15	-11.50	12:40:19	170	34.23	96.44	0.2693	0.0427	0.2002	0.1500	0.0302	0.0226	0.0213	0.0160	22	19
15.00	-0.35	-11.50	12:40:32	203	41.88	93.74	0.2781	-0.0020	0.1972	0.1635	0.0272	0.0225	0.0192	0.0159	22	22
15.00	-0.85	-11.50	12:40:44	169	33.61	94.09	0.2429	-0.0385	0.1967	0.1603	0.0297	0.0242	0.0210	0.0171	22	22
15.00	-1.35	-11.50	12:40:56	86	17.43	98.00	0.2046	-0.0878	0.1739	0.1711	0.0370	0.0364	0.0261	0.0257	19	19
15.00	-1.85	-11.50	12:41:08	62	12.75	93.74	0.1126	-0.0985	0.1478	0.1595	0.0371	0.0400	0.0262	0.0283	16	19
15.00	-1.35	-12.00	12:41:20	125	25.12	95.30	0.1874	-0.0882	0.2165	0.1544	0.0381	0.0272	0.0269	0.0192	22	22
15.00	-0.85	-12.00	12:41:33	192	38.77	94.47	0.2762	-0.0538	0.1850	0.1612	0.0262	0.0229	0.0185	0.0162	16	22
15.00	-0.35	-12.00	12:41:46	260	52.49	94.50	0.2730	0.0032	0.1730	0.1636	0.0211	0.0199	0.0149	0.0141	19	25
15.00	0.15	-12.00	12:41:59	167	33.52	94.71	0.2531	0.0143	0.1970	0.1545	0.0300	0.0235	0.0212	0.0166	16	22
15.00	0.65	-12.00	12:42:11	107	21.94	95.90	0.1991	0.0552	0.1602	0.1413	0.0305	0.0269	0.0216	0.0190	19	22
15.00	1.15	-12.00	12:42:24	154	31.26	95.89	0.1508	0.0859	0.1865	0.1519	0.0296	0.0241	0.0209	0.0170	22	16
15.00	1.65	-12.00	12:42:36	151	30.74	89.33	0.0981	0.1109	0.1976	0.1930	0.0316	0.0309	0.0224	0.0218	19	22
15.00	1.15	-12.50	12:42:50	144	30.09	93.91	0.1437	0.0751	0.1633	0.1616	0.0268	0.0265	0.0189	0.0187	19	22
15.00	0.65	-12.50	12:43:02	110	22.18	98.67	0.2613	0.0624	0.1722	0.1479	0.0323	0.0278	0.0229	0.0196	16	22
15.00	0.15	-12.50	12:43:14	176	36.23	97.27	0.2726	0.0135	0.1716	0.1472	0.0254	0.0218	0.0180	0.0154	19	22
15.00	-0.35	-12.50	12:43:26	183	36.86	97.52	0.3093	0.0112	0.2108	0.1536	0.0306	0.0223	0.0217	0.0158	16	25
15.00	-0.85	-12.50	12:43:39	182	36.44	93.59	0.2399	-0.0089	0.1909	0.1548	0.0278	0.0226	0.0197	0.0159	16	25
15.00	-1.35	-12.50	12:43:52	183	37.00	96.88	0.1886	-0.0814	0.1932	0.1659	0.0281	0.0241	0.0198	0.0170	19	22
15.00	-1.35	-13.00	12:44:04	158	32.31	85.52	0.2057	-0.0620	0.2063	0.1690	0.0323	0.0264	0.0228	0.0187	19	22
15.00	-0.85	-13.00	12:44:16	154	32.46	94.70	0.2716	-0.0357	0.2163	0.1641	0.0343	0.0260	0.0242	0.0184	16	25
15.00	-0.35	-13.00	12:44:28	167	33.88	95.77	0.3465	-0.0007	0.1933	0.1781	0.0294	0.0271	0.0208	0.0192	16	32
15.00	0.15	-13.00	12:44:42	155	31.75	97.83	0.3208	0.0214	0.2007	0.1697	0.0317	0.0268	0.0224	0.0190	16	25
15.00	0.65	-13.00	12:44:54	185	38.27	95.95	0.2599	0.0216	0.2068	0.1678	0.0299	0.0243	0.0211	0.0171	19	22
15.00	1.15	-13.00	12:45:07	139	28.24	95.16	0.2129	0.0888	0.2073	0.1377	0.0346	0.0230	0.0245	0.0163	22	19
15.00	1.15	-13.50	12:45:20	109	22.58	95.58	0.1963	0.0705	0.2272	0.1655	0.0428	0.0312	0.0303	0.0221	22	19
15.00	0.65	-13.50	12:45:33	124	24.56	73.83	0.2454	0.0479	0.2187	0.1649	0.0387	0.0291	0.0273	0.0206	19	28
15.00	0.15	-13.50	12:45:46	193	38.74	95.69	0.3104	-0.0086	0.1962	0.1739	0.0278	0.0246	0.0196	0.0174	16	25
15.00	-0.35	-13.50	12:45:59	169	34.09	91.91	0.3416	-0.0030	0.1783	0.1975	0.0270	0.0299	0.0191	0.0211	16	32
15.00	-0.85	-13.50	12:46:12	190	38.72	96.01	0.2865	-0.0405	0.2090	0.1882	0.0298	0.0268	0.0211	0.0190	16	25
15.00	-1.35	-13.50	12:46:24	162	32.89	93.28	0.2291	-0.0739	0.2357	0.1889	0.0364	0.0292	0.0257	0.0206	19	22
15.00	-1.35	-14.00	12:46:37	159	31.88	92.96	0.2815	-0.0939	0.2503	0.1913	0.0390	0.0298	0.0276	0.0211	19	19
15.00	-0.85	-14.00	12:46:49	183	37.46	85.69	0.3627	-0.0279	0.2095	0.2000	0.0304	0.0291	0.0215	0.0205	16	22
15.00	-0.35	-14.00	12:47:02	201	40.47	96.10	0.3285	-0.0197	0.1988	0.2060	0.0276	0.0286	0.0195	0.0202	19	32
15.00	0.15	-14.00	12:47:14	181	36.69	93.85	0.3505	0.0212	0.1673	0.1946	0.0244	0.0284	0.0173	0.0201	19	28
15.00	0.65	-14.00	12:47:26	152	31.50	90.11	0.3267	0.0057	0.2119	0.1716	0.0338	0.0274	0.0239	0.0194	22	25
15.00	1.15	-14.00	12:47:38	102	20.82	88.63	0.2305	0.0515	0.2486	0.1883	0.0485	0.0367	0.0343	0.0260	19	22
15.00	1.15	-14.50	12:47:51	123	24.88	90.26	0.2911	0.0604	0.2507	0.2022	0.0445	0.0359	0.0315	0.0254	28	22
15.00	0.65	-14.50	12:48:04	172	34.51	95.30	0.3181	0.0376	0.2138	0.1711	0.0320	0.0256	0.0227	0.0181	19	22
15.00	0.15	-14.50	12:48:16	165	33.35	94.06	0.3727	-0.0214	0.2268	0.1717	0.0347	0.0263	0.0245	0.0186	19	25
15.00	-0.35	-14.50	12:48:28	185	37.06	96.59	0.3558	0.0065	0.1999	0.1909	0.0289	0.0276	0.0204	0.0195	16	28
15.00	-0.85	-14.50	12:48:41	174	35.16	93.72	0.3868	-0.0306	0.1878	0.1844	0.0280	0.0275	0.0198	0.0194	22	22
15.00	-1.35	-14.50	12:48:53	234	47.24	96.75	0.3594	-0.0501	0.2466	0.1871	0.0317	0.0240	0.0224	0.0170	19	25
15.00	-1.35	-15.00	12:49:05	189	38.16	91.47	0.3822	-0.0273	0.2190	0.2062	0.0313	0.0295	0.0221	0.0208	22	25
15.00	-0.85	-15.00	12:49:17	182	36.52	97.43	0.3789	-0.0432	0.2101	0.1843	0.0306	0.0269	0.0216	0.0190	16	19
15.00	-0.35	-15.00	12:49:31	184	37.06	93.69	0.3795	-0.0093	0.1885	0.1781	0.0273	0.0258	0.0193	0.0183	19	25
15.00	0.15	-15.00	12:49:43	152	30.73	96.64	0.3816	0.0312	0.1802	0.1746	0.0287	0.0278	0.0203	0.0197	16	25
15.00	0.65	-15.00	12:49:55	180	36.09	97.57	0.3689	0.0185	0.2105	0.1963	0.0308	0.0288	0.0218	0.0203	16	22
15.00	1.15	-15.00	12:50:08	122	24.13	91.54	0.3270	0.0677	0.2214	0.1930	0.0394	0.0344	0.0279	0.0243	22	19
15.00	1.15	-15.50	12:50:20	142	28.90	96.84	0.3564	0.0556	0.2067	0.1701	0.0341	0.0281	0.0241	0.0199	22	22
15.00	0.65	-15.50	12:50:33	154	31.87	92.97	0.3769	0.0511	0.1988	0.1826	0.0315	0.0289	0.0223	0.0205	19	22
15.00	0.15	-15.50	12:50:45	166	33.43	97.77	0.3508	0.0130	0.2035	0.1835	0.0311	0.0280	0.0220	0.0198	19	28
15.00	-0.35	-15.50	12:50:58	174	35.34	94.78	0.3682	0.0211	0.1851	0.2279	0.0276	0.0340	0.0195	0.0240	19	25
15.00	-0.85	-15.50	12:51:10	157	32.35	96.94	0.3564	-0.0043	0.2135	0.2253	0.0335	0.0354	0.0237	0.0250	16	28
15.00	-1.35	-15.50	12:51:23	169	34.51	96.39	0.3905	-0.0581	0.2342	0.1974	0.0354	0.0299	0.0250	0.0211	22	22
15.00	-1.35	-16.00	12:51:36	167	33.58	93.31	0.4023	-0.0671	0.1861	0.2085	0.0283	0.0317	0.0200	0.0224	22	22
15.00	-0.85	-16.00	12:51:48	158	31.67	91.92	0.3819	-0.0398	0.2176	0.2397	0.0340	0.0375	0.0241	0.0265	22	25
15.00	-0.35	-16.00	12:52:00	179	35.63	92.34	0.3721	-0.0168	0.2155	0.2077	0.0317	0.0305	0.0224	0.0216	19	22
15.00	0.15	-16.00	12:52:13	173	35.50	98.12	0.3516	0.0129	0.2058	0.2288	0.0308	0.0342	0.0218	0.0242	16	22
15.00	0.65	-16.00	12:52:25	149	30.14	83.30	0.3351	0.0232	0.1835	0.2104	0.0296	0.0339	0.0209	0.0240	16	19
15.00	1.15	-16.00	12:52:38	132	26.80	97.74	0.3625	0.0489	0.1952	0.1628	0.0334	0.0279	0.0236	0.0197	22	25
15.00	1.65	-16.50	12:52:50	110	22.65	88.75	0.3212	0.0721	0.2194	0.1474	0.0412	0.0277	0.0291	0.0196	19	25
15.00	1.15	-16.50	12:53:02	141	28.59	93.37	0.3435	0.0531	0.1853	0.1968	0.0307	0.0326	0.0217	0.0231	25	22
15.00	0.65	-16.50	12:53:14	157	31.73	94.99	0.2982	0.0432	0.1875	0.2234	0.0294	0.0351	0.0208	0.0248	16	19
15.00	0.15	-16.50	12:53:27	179	38.42	96.70	0.3410	0.0117	0.2268	0.2128	0.0333	0.0313	0.0236	0.0221	19	19
15.00	-0.35	-16.50	12:53:39	161	32.72	95.97	0.3549	-0.0157	0.2326	0.2322	0.0360	0.0360	0.0255	0.0254	16	19
15.00	-0.85	-16.50	12:53:52	155	31.45	94.07	0.3533	-0.0286	0.2352	0.2267	0.0372	0.0358	0.0263	0.0253	19	19
15.00	-1.35	-16.50	12:54:05	161	32.53	91.75	0.3380	-0.0456	0.2040	0.2060	0.0316	0.0319	0.0223	0.0226	22	19
15.00	-1.85	-17.00	12:54:17	167	33.47	82.61	0.3250	-0.0830	0.2038	0.2205	0.0310	0.0335	0.0219	0.0237	16	32
15.00	-1.35	-17.00	12:54:29	159	31.90	94.66	0.3252	-0.0905	0.2034	0.2469	0.0317	0.0385	0.0224	0.0272	22	19
15.00	-0.85	-17.00	12:54:41	152	30.14	94.33	0.3417	-0.0369	0.2260	0.2372	0.0360	0.0378	0.0255	0.0268	16	19
15.00	-0.35	-17.00	12:54:53	146	29.54	91.74	0.3818	-0.0211	0.2164	0.2375	0.0352	0.0387	0.0249	0.0273	19	22
15.00	0.15	-17.00	12:55:05	145	29.19	96.37	0.3574	0.0433	0.2151	0.2287	0.0351	0.0374	0.0248	0.0264	22	19
15.00	0.65	-17.00	12:55:18	134	26.90	90.78	0.2920	0.0595	0.2050	0.2045	0.0348	0.0348	0.0246	0.0246	16	19
15.00	1.15	-17.00	12:55:30	145	29.18	96.06	0.3327	0.0761	0.1867	0.2133	0.0305	0.0348	0.0216	0.0246	25	22
15.00	1.65	-17.00	12:55:44	119	24.32	97.38	0.3058	0.0593	0.1800	0.1938	0.0325	0.0350	0.0230	0.0247	22	28
15.00	2.15	-17.50	12:55:56	137	27.46	94.32	0.2782	0.0253	0.2055	0.1777	0.0345	0.0299	0.0244	0.0211	19	22
15.00	1.65	-17.50	12:56:08	115	23.19	93.77	0.2515	0.0682	0.1851	0.2227	0.0340	0.0409	0.0240	0.0289	19	25
15.00	1.15	-17.50	12:56:20	133	27.09	97.34	0.2690	0.0590	0.2260	0.2297	0.0386	0.0392	0.0273	0.0277	28	19
15.00	0.65	-17.50	12:56:33	150	30.29	97.42	0.3401	0.0183	0.2103	0.2360	0.0338	0.0379	0.0239	0.0268	16	19
15.00	0.15	-17.50	12:56:46	164	33.03	96.75	0.3269	-0.0085	0.2390	0.2329	0.0367	0.0358	0.0259	0.0253	19	22
15.00	-0.35	-17.50	12:56:59	159	32.21	96.48	0.3489	-0.0030	0.2079	0.2458	0.0324	0.0383	0.0229	0.0271	19	22
15.00	-0.85	-17.50	12:57:11	162	33.23	87.72	0.3212	-0.0334	0.2096	0.2309	0.0324	0.0357	0.0229	0.0252	16	22
15.00	-1.35	-17.50	12:57:23	182	36.31	93.72	0.2912	-0.0634	0.2280	0.2163	0.0332	0.0315	0.0235	0.0223	22	22
15.00	-1.85	-17.50	12:57:36	176	35.25	90.07	0.2578	-0.0902	0.2133	0.2346	0.0316	0.0348	0.0223	0.0246	16	22
15.00	-2.35	-18.00	12:57:49	149	29.57	93.33	0.2080	-0.0774	0.2206	0.1957	0.0355	0.0315	0.0251	0.0223	19	25
15.00	-1.85	-18.00	12:58:01	146	29.86	96.48	0.2525	-0.0700	0.2163	0.2311	0.0352	0.0376	0.0249	0.0266	19	22
15.00	-1.35	-18.00	12:58:14	189	37.98	95.75	0.2896	-0.0404	0.2226	0.2206	0.0318	0.0315	0.0225	0.0223	22	22
15.00	-0.85	-18.00	12:58:26	146	30.07	93.85	0.2845	-0.0165	0.2431	0.2268	0.0396	0.0369	0.0280	0.0261	16	19
15.00	-0.35	-18.00	12:58:39	159	32.51	94.83	0.3515	-0.0089	0.2021	0.2381	0.0315	0.0371	0.0223	0.0263	19	19
15.00	0.15	-18.00	12:58:52	153	30.82	94.99	0.3539	0.0197	0.2083	0.2346	0.0331	0.0373	0.0234	0.0264	16	19
15.00	0.65	-18.00	12:59:04	158	31.00	91.71	0.3073	0.0382	0.2108	0.2374	0.0330	0.0371	0.0233	0.0263	16	19
15.00	1.15	-18.00	12:59:17	153	31.08	98.26	0.2767	0.0374	0.2079	0.2106	0.0330	0.0335	0.0234	0.0237	19	19
15.00	1.65	-18.00	12:59:30	125	25.36	97.80	0.2148	0.0705	0.1959	0.1627	0.0345	0.0286	0.0244	0.0202	16	22
15.00	2.15	-18.00	12:59:42	135	27.60	96.18	0.2325	0.0337	0.1712	0.1439	0.0290	0.0244	0.0205	0.0172	16	25
15.00	2.65	-18.00	12:59:54	110	22.14	94.01	0.1940	0.0667	0.1875	0.1741	0.0352	0.0327	0.0249	0.0231	22	28
15.00	2.65	-18.50	13:00:06	135	27.59	93.34	0.1521	0.0612	0.1568	0.1437	0.0265	0.0243	0.0188	0.0172	16	22
15.00	2.15	-18.50	13:00:19	100	19.86	91.16	0.1597	0.0707	0.1926	0.1897	0.0379	0.0374	0.0268	0.0264	19	22
15.00	1.65	-18.50	13:00:31	127	25.60	90.32	0.2066	0.0601	0.2096	0.1973	0.0366	0.0344	0.0259	0.0244	19	22
15.00	1.15	-18.50	13:00:43	163	32.82	96.42	0.2252	0.0249	0.1963	0.2148	0.0302	0.0331	0.0214	0.0234	19	22
15.00	0.65	-18.50	13:00:55	155	30.85	96.55	0.3143	0.0084	0.2127	0.2136	0.0336	0.0337	0.0238	0.0239	19	19
15.00	0.15	-18.50	13:01:08	152	30.93	97.09	0.3479	0.0189	0.2060	0.2493	0.0329	0.0398	0.0232	0.0281	19	19
15.00	-0.35	-18.50	13:01:22	118	25.19	94.19	0.4111	-0.0302	0.2134	0.2019	0.0387	0.0366	0.0273	0.0259	16	19
15.00	-0.85	-18.50	13:01:33	151	30.44	89.07	0.2945	-0.0802	0.2119	0.2547	0.0339	0.0408	0.0240	0.0288	16	19
15.00	-1.35	-18.50	13:01:46	163	34.22	93.99	0.3074	-0.0628	0.2231	0.2129	0.0344	0.0328	0.0243	0.0232	19	19
15.00	-1.85	-18.50	13:01:58	172	34.61	94.56	0.2529	-0.0518	0.2080	0.2283	0.0312	0.0342	0.0220	0.0242	16	22
15.00	-2.35	-18.50	13:02:11	139	28.06	96.82	0.1860	-0.0489	0.2205	0.2211	0.0368	0.0369	0.0260	0.0261	19	22
15.00	-2.85	-18.50	13:02:23	141	28.12	91.10	0.1882	-0.0580	0.1947	0.1710	0.0322	0.0283	0.0228	0.0200	19	22
15.00	-3.35	-19.00	13:02:35	162	32.57	96.07	0.1260	-0.0305	0.1572	0.1808	0.0243	0.0279	0.0172	0.0197	16	19
15.00	-2.85	-19.00	13:02:48	148	30.82	96.38	0.1161	-0.0276	0.2079	0.1980	0.0336	0.0320	0.0238	0.0226	19	25
15.00	-2.35	-19.00	13:03:01	117	24.16	95.76	0.1445	0.0278	0.2065	0.1969	0.0376	0.0358	0.0266	0.0253	19	19
15.00	-1.85	-19.00	13:03:13	180	36.22	94.72	0.1925	0.0163	0.2140	0.2189	0.0314	0.0321	0.0222	0.0227	16	19
15.00	-1.35	-19.00	13:03:25	149	30.97	97.32	0.2796	0.0100	0.2427	0.2328	0.0391	0.0375	0.0277	0.0265	16	19
15.00	-0.85	-19.00	13:03:37	152	30.51	93.86	0.3377	-0.0121	0.2223	0.2250	0.0355	0.0359	0.0251	0.0254	32	25
15.00	-0.35	-19.00	13:03:50	171	34.39	97.03	0.3782	-0.0086	0.2054	0.2201	0.0309	0.0331	0.0218	0.0234	16	16
15.00	0.15	-19.00	13:04:02	133	27.11	96.71	0.3977	0.0007	0.1886	0.2164	0.0322	0.0369	0.0227	0.0261	22	19
15.00	0.65	-19.00	13:04:15	139	27.95	93.13	0.3004	-0.0437	0.1910	0.2257	0.0319	0.0377	0.0225	0.0266	19	16
15.00	1.15	-19.00	13:04:27	140	28.27	89.92	0.2113	0.0064	0.2038	0.2170	0.0339	0.0361	0.0240	0.0255	16	19
15.00	1.65	-19.00	13:04:40	112	22.47	95.62	0.1929	0.0005	0.1826	0.2207	0.0340	0.0411	0.0240	0.0290	16	19
15.00	2.15	-19.00	13:04:53	110	22.66	98.63	0.1599	0.0183	0.1742	0.1908	0.0327	0.0358	0.0231	0.0253	16	22
15.00	2.65	-19.00	13:05:06	108	22.17	95.77	0.1345	0.0292	0.1585	0.1672	0.0300	0.0317	0.0212	0.0224	19	25
15.00	3.15	-19.00	13:05:18	143	29.80	97.00	0.1213	0.0477	0.1455	0.1331	0.0239	0.0219	0.0169	0.0155	16	22
15.00	3.65	-19.50	13:05:31	109	22.39	95.13	0.0841	0.0141	0.1555	0.1852	0.0293	0.0349	0.0207	0.0247	16	19
15.00	3.15	-19.50	13:05:43	134	27.69	97.45	0.0973	-0.0150	0.1548	0.1684	0.0263	0.0286	0.0186	0.0202	16	19
15.00	2.65	-19.50	13:05:56	118	24.52	97.25	0.1055	-0.0458	0.1880	0.1934	0.0341	0.0350	0.0241	0.0248	16	19
15.00	2.15	-19.50	13:06:09	106	21.38	91.42	0.1387	-0.0569	0.1550	0.1898	0.0296	0.0363	0.0210	0.0257	16	22
15.00	1.65	-19.50	13:06:21	122	24.55	96.03	0.1691	-0.0242	0.2093	0.1917	0.0373	0.0342	0.0264	0.0242	19	22
15.00	1.15	-19.50	13:06:33	159	31.92	92.09	0.1931	-0.0445	0.1991	0.2227	0.0310	0.0347	0.0220	0.0246	16	19
15.00	0.65	-19.50	13:06:46	137	27.47	91.81	0.2884	-0.0655	0.1929	0.2496	0.0324	0.0419	0.0229	0.0297	16	22
15.00	0.15	-19.50	13:06:59	140	28.36	95.46	0.3050	-0.0354	0.1976	0.2443	0.0329	0.0406	0.0232	0.0287	25	22
15.00	-0.35	-19.50	13:07:12	149	29.89	93.86	0.3396	-0.0396	0.1964	0.2205	0.0316	0.0355	0.0224	0.0251	25	19
15.00	-0.85	-19.50	13:07:24	143	29.08	93.95	0.3034	0.0149	0.2243	0.2261	0.0369	0.0372	0.0261	0.0263	19	22
15.00	-1.35	-19.50	13:07:36	136	27.72	84.36	0.2544	0.0516	0.2083	0.2046	0.0351	0.0345	0.0248	0.0244	16	19
15.00	-1.85	-19.50	13:07:49	114	23.12	89.31	0.2108	0.0502	0.2026	0.2373	0.0373	0.0438	0.0264	0.0309	16	19
15.00	-2.35	-19.50	13:08:01	140	28.14	95.64	0.1707	0.0310	0.2117	0.2170	0.0352	0.0361	0.0249	0.0255	16	19
15.00	-2.85	-19.50	13:08:13	146	29.75	97.94	0.1049	0.0133	0.1916	0.1983	0.0312	0.0323	0.0221	0.0228	16	22
15.00	-3.35	-19.50	13:08:25	148	29.79	97.50	0.0987	0.0112	0.1586	0.1667	0.0256	0.0269	0.0181	0.0191	19	19
15.00	-3.85	-19.50	13:08:38	124	25.10	94.66	0.0991	0.0107	0.1737	0.1987	0.0307	0.0351	0.0217	0.0248	16	22
15.00	-4.35	-19.50	13:08:50	135	27.41	93.79	0.0610	-0.0332	0.1799	0.1758	0.0305	0.0298	0.0215	0.0210	16	22
15.00	-5.35	-20.00	13:09:05	112	22.55	86.60	0.0672	0.0976	0.1657	0.1757	0.0308	0.0327	0.0218	0.0231	19	19
15.00	-4.85	-20.00	13:09:18	124	25.66	91.38	0.0525	0.0842	0.1850	0.1671	0.0327	0.0295	0.0231	0.0209	16	19
15.00	-4.35	-20.00	13:09:31	115	23.36	96.47	0.0485	0.0905	0.1578	0.1734	0.0290	0.0318	0.0205	0.0225	19	22
15.00	-3.85	-20.00	13:09:42	116	23.44	93.50	0.0865	0.0689	0.1585	0.1793	0.0290	0.0328	0.0205	0.0232	16	22
15.00	-3.35	-20.00	13:09:55	129	26.16	95.64	0.0880	0.1075	0.1740	0.1975	0.0301	0.0342	0.0213	0.0242	16	19
15.00	-2.85	-20.00	13:10:07	127	25.74	96.19	0.1191	0.0781	0.1616	0.2047	0.0282	0.0357	0.0200	0.0253	16	22
15.00	-2.35	-20.00	13:10:19	142	28.61	98.46	0.1394	0.1158	0.1879	0.1999	0.0310	0.0330	0.0219	0.0233	16	19
15.00	-1.85	-20.00	13:10:32	122	25.36	95.11	0.1563	0.1088	0.2089	0.2322	0.0372	0.0414	0.0263	0.0293	16	19
15.00	-1.35	-20.00	13:10:44	149	30.19	95.73	0.2022	0.0451	0.2213	0.2396	0.0357	0.0386	0.0252	0.0273	16	19
15.00	-0.85	-20.00	13:10:56	133	26.94	96.95	0.2509	0.0381	0.2209	0.2576	0.0377	0.0440	0.0267	0.0311	16	19
15.00	-0.35	-20.00	13:11:08	158	31.77	97.47	0.3048	-0.0429	0.1962	0.2669	0.0307	0.0417	0.0217	0.0295	19	22
15.00	0.15	-20.00	13:11:21	116	24.08	94.81	0.3041	-0.0567	0.1799	0.2927	0.0329	0.0535	0.0232	0.0378	19	22
15.00	0.65	-20.00	13:11:34	148	30.11	96.23	0.2639	-0.0609	0.2114	0.2728	0.0342	0.0441	0.0242	0.0312	19	22
15.00	1.15	-20.00	13:11:47	128	25.85	95.94	0.2107	-0.1035	0.1969	0.2012	0.0342	0.0350	0.0242	0.0247	16	19
15.00	1.65	-20.00	13:11:59	140	28.01	96.00	0.1454	-0.1102	0.1996	0.1871	0.0332	0.0311	0.0235	0.0220	16	19
15.00	2.15	-20.00	13:12:11	88	17.68	97.84	0.1724	-0.1134	0.1404	0.1682	0.0295	0.0353	0.0209	0.0250	16	19
15.00	2.65	-20.00	13:12:24	125	25.16	97.51	0.0859	-0.1083	0.1586	0.1865	0.0279	0.0328	0.0197	0.0232	16	22
15.00	3.15	-20.00	13:12:36	107	22.10	86.80	0.0976	-0.0730	0.1499	0.1617	0.0285	0.0308	0.0202	0.0218	16	22
15.00	3.65	-20.00	13:12:48	112	23.01	94.89	0.0852	-0.1098	0.1594	0.1512	0.0296	0.0281	0.0210	0.0199	16	22
15.00	4.15	-20.00	13:13:00	125	25.04	96.89	0.0857	-0.1000	0.1780	0.1568	0.0313	0.0276	0.0221	0.0195	22	25
15.00	4.65	-20.00	13:13:13	117	23.89	92.11	0.0843	-0.0866	0.1474	0.1575	0.0268	0.0287	0.0190	0.0203	16	19
15.00	5.15	-20.00	13:13:27	134	27.35	91.35	0.1231	-0.0613	0.1665	0.1760	0.0283	0.0299	0.0200	0.0212	22	22
15.00	5.65	-20.00	13:13:39	117	23.31	92.55	0.0787	-0.0563	0.1620	0.1708	0.0295	0.0311	0.0208	0.0220	76	22
15.00	7.15	-20.50	13:13:56	157	31.65	93.63	0.0472	-0.3213	0.2122	0.2200	0.0333	0.0345	0.0235	0.0244	19	19
15.00	6.65	-20.50	13:14:08	125	25.36	92.90	0.0608	-0.3043	0.2050	0.2286	0.0361	0.0402	0.0255	0.0284	16	22
15.00	6.15	-20.50	13:14:21	124	24.91	95.40	0.0900	-0.2648	0.1886	0.2155	0.0333	0.0381	0.0236	0.0269	22	22
15.00	5.65	-20.50	13:14:34	125	25.28	89.33	0.0726	-0.2153	0.1673	0.2372	0.0294	0.0418	0.0208	0.0295	16	19
15.00	5.15	-20.50	13:14:46	122	24.54	90.37	0.0481	-0.1624	0.1732	0.1646	0.0309	0.0293	0.0218	0.0207	19	22
15.00	4.65	-20.50	13:14:59	157	31.21	95.72	0.0766	-0.1920	0.1807	0.1543	0.0284	0.0242	0.0201	0.0171	19	22
15.00	4.15	-20.50	13:15:12	109	22.20	91.00	0.0701	-0.1901	0.1849	0.1609	0.0349	0.0303	0.0247	0.0215	16	19
15.00	3.65	-20.50	13:15:24	121	24.62	93.04	0.0674	-0.2089	0.1618	0.1601	0.0290	0.0287	0.0205	0.0203	16	22
15.00	3.15	-20.50	13:15:37	130	26.68	97.17	0.0421	-0.1974	0.1591	0.1622	0.0275	0.0280	0.0194	0.0198	16	19
15.00	2.65	-20.50	13:15:49	106	21.42	96.91	0.1153	-0.1937	0.1585	0.1648	0.0303	0.0315	0.0214	0.0223	16	22
15.00	2.15	-20.50	13:16:01	88	18.13	88.35	0.1013	-0.1690	0.1312	0.1407	0.0276	0.0296	0.0195	0.0209	16	19
15.00	1.65	-20.50	13:16:13	108	21.75	93.75	0.1129	-0.1639	0.1680	0.1690	0.0318	0.0320	0.0225	0.0226	16	19
15.00	1.15	-20.50	13:16:25	129	26.94	97.85	0.1527	-0.1493	0.1693	0.2236	0.0293	0.0387	0.0207	0.0274	19	25
15.00	0.65	-20.50	13:16:37	136	27.32	97.08	0.2174	-0.1087	0.1917	0.2564	0.0323	0.0432	0.0229	0.0306	16	22
15.00	0.15	-20.50	13:16:49	115	23.46	93.85	0.2445	-0.1110	0.1803	0.2759	0.0331	0.0507	0.0234	0.0358	19	22
15.00	-0.35	-20.50	13:17:02	142	28.97	92.53	0.2361	-0.0024	0.1836	0.2932	0.0303	0.0484	0.0214	0.0342	19	19
15.00	-0.85	-20.50	13:17:14	128	25.59	90.12	0.2405	0.0716	0.1656	0.2910	0.0288	0.0506	0.0204	0.0358	19	19
15.00	-1.35	-20.50	13:17:27	147	31.15	97.89	0.1804	0.1089	0.2007	0.2544	0.0325	0.0413	0.0230	0.0292	16	22
15.00	-1.85	-20.50	13:17:40	122	24.71	94.93	0.1676	0.1516	0.1615	0.2011	0.0288	0.0358	0.0204	0.0253	19	22
15.00	-2.35	-20.50	13:17:53	106	21.24	87.07	0.0947	0.1604	0.1593	0.1806	0.0305	0.0346	0.0216	0.0244	12	19
15.00	-2.85	-20.50	13:18:06	103	20.99	92.68	0.0794	0.1699	0.1865	0.1859	0.0362	0.0361	0.0256	0.0255	16	19
15.00	-3.35	-20.50	13:18:20	120	25.33	97.04	0.0545	0.2038	0.1815	0.1754	0.0326	0.0315	0.0231	0.0223	16	22
15.00	-3.85	-20.50	13:18:33	135	27.72	96.20	0.0733	0.2012	0.1916	0.1626	0.0324	0.0275	0.0229	0.0195	16	19
15.00	-4.35	-20.50	13:18:46	113	23.19	95.46	0.0263	0.1631	0.1871	0.1678	0.0346	0.0311	0.0245	0.0220	19	22
15.00	-4.85	-20.50	13:18:58	108	21.86	97.74	0.0863	0.1634	0.1550	0.1665	0.0294	0.0315	0.0208	0.0223	19	22
15.00	-5.35	-20.50	13:19:11	101	20.40	89.43	0.0439	0.1598	0.1645	0.1905	0.0322	0.0373	0.0228	0.0264	19	22
15.00	-5.85	-20.50	13:19:24	103	21.71	78.00	0.1060	0.1784	0.1263	0.1838	0.0245	0.0357	0.0173	0.0252	19	19
15.00	-6.35	-20.50	13:19:37	114	22.87	96.90	0.0575	0.1855	0.1993	0.2340	0.0367	0.0432	0.0260	0.0305	22	22
15.00	-6.85	-20.50	13:19:49	148	30.03	91.61	0.0719	0.2530	0.1856	0.2192	0.0300	0.0354	0.0212	0.0251	19	25
15.00	-6.85	-21.00	13:20:03	150	30.40	98.59	0.0171	0.2749	0.1923	0.2093	0.0309	0.0336	0.0218	0.0238	19	19
15.00	-6.35	-21.00	13:20:15	108	22.74	94.48	0.0195	0.2332	0.1956	0.2083	0.0371	0.0395	0.0262	0.0279	16	19
15.00	-5.85	-21.00	13:20:27	117	23.27	94.93	0.0250	0.2099	0.1748	0.1857	0.0318	0.0338	0.0225	0.0239	22	19
15.00	-5.35	-21.00	13:20:40	90	19.65	94.65	0.0240	0.2375	0.1856	0.1405	0.0386	0.0292	0.0273	0.0206	19	19
15.00	-4.85	-21.00	13:20:54	123	24.86	94.92	0.0404	0.2042	0.1721	0.1870	0.0305	0.0332	0.0216	0.0235	16	22
15.00	-4.35	-21.00	13:21:06	105	20.70	93.85	0.0060	0.2387	0.1826	0.1766	0.0351	0.0339	0.0248	0.0240	19	22
15.00	-3.85	-21.00	13:21:20	115	23.16	96.12	0.0199	0.2639	0.1765	0.1867	0.0324	0.0343	0.0229	0.0242	19	22
15.00	-3.35	-21.00	13:21:33	112	23.22	96.46	-0.0020	0.2405	0.1741	0.1788	0.0324	0.0333	0.0229	0.0235	16	19
15.00	-2.85	-21.00	13:21:45	117	24.06	98.57	0.0566	0.2543	0.1427	0.1883	0.0260	0.0343	0.0184	0.0242	19	22
15.00	-2.35	-21.00	13:21:58	104	20.88	92.05	0.0901	0.2009	0.1693	0.1818	0.0327	0.0351	0.0231	0.0248	19	22
15.00	-1.85	-21.00	13:22:10	161	32.63	97.74	0.0781	0.1396	0.1574	0.2345	0.0244	0.0363	0.0172	0.0257	16	19
15.00	-1.35	-21.00	13:22:22	111	22.40	98.61	0.1285	0.1712	0.1743	0.2473	0.0326	0.0462	0.0230	0.0327	16	19
15.00	-0.85	-21.00	13:22:34	107	21.70	95.07	0.1367	0.0866	0.1856	0.2561	0.0353	0.0488	0.0250	0.0345	19	19
15.00	-0.35	-21.00	13:22:47	116	23.80	97.10	0.1329	0.0092	0.1985	0.3273	0.0363	0.0598	0.0257	0.0423	22	25
15.00	0.15	-21.00	13:23:00	129	26.60	75.17	0.1317	-0.0728	0.1588	0.2977	0.0275	0.0516	0.0195	0.0365	25	22
15.00	0.65	-21.00	13:23:13	117	23.44	96.12	0.1429	-0.1257	0.1678	0.2584	0.0305	0.0470	0.0216	0.0332	19	22
15.00	1.15	-21.00	13:23:25	131	27.55	94.94	0.1204	-0.1902	0.1508	0.1985	0.0259	0.0341	0.0183	0.0241	19	22
15.00	1.65	-21.00	13:23:38	119	23.91	96.19	0.1215	-0.2313	0.1360	0.1728	0.0245	0.0312	0.0174	0.0220	16	19
15.00	2.15	-21.00	13:23:50	87	17.64	98.18	0.1050	-0.1954	0.1532	0.1612	0.0324	0.0341	0.0229	0.0241	16	22
15.00	2.65	-21.00	13:24:03	126	25.39	93.18	0.0769	-0.2626	0.1557	0.1706	0.0273	0.0299	0.0193	0.0211	19	22
15.00	3.15	-21.00	13:24:15	131	26.62	93.01	0.0651	-0.2439	0.1633	0.1555	0.0281	0.0267	0.0198	0.0189	16	19
15.00	3.65	-21.00	13:24:27	100	20.45	95.60	0.0836	-0.2979	0.1828	0.1570	0.0360	0.0309	0.0255	0.0219	19	19
15.00	4.15	-21.00	13:24:40	121	24.33	93.12	0.0566	-0.2353	0.1903	0.1683	0.0340	0.0301	0.0241	0.0213	16	22
15.00	4.65	-21.00	13:24:52	140	28.61	95.59	0.0386	-0.2381	0.1825	0.1800	0.0303	0.0299	0.0215	0.0212	16	22
15.00	5.15	-21.00	13:25:05	151	30.54	98.65	0.0400	-0.2496	0.1753	0.1851	0.0281	0.0296	0.0198	0.0209	16	19
15.00	5.65	-21.00	13:25:17	134	27.07	96.02	0.0419	-0.2437	0.1899	0.1970	0.0323	0.0335	0.0228	0.0237	22	19
15.00	6.15	-21.00	13:25:30	159	32.32	95.11	0.0280	-0.2569	0.1940	0.2265	0.0302	0.0353	0.0214	0.0250	22	16
15.00	6.65	-21.00	13:25:42	122	24.60	90.15	0.0068	-0.3597	0.1956	0.2208	0.0349	0.0393	0.0246	0.0278	19	19
15.00	7.15	-21.00	13:25:54	140	28.72	96.41	0.0052	-0.3657	0.1822	0.1941	0.0303	0.0323	0.0214	0.0228	19	19
15.00	7.15	-21.50	13:26:06	116	23.56	91.41	-0.0167	-0.3442	0.2060	0.1592	0.0376	0.0291	0.0266	0.0206	19	19
15.00	6.65	-21.50	13:26:18	137	27.47	98.38	-0.0290	-0.3387	0.2122	0.1984	0.0357	0.0333	0.0252	0.0236	22	22
15.00	6.15	-21.50	13:26:31	142	28.68	92.56	0.0110	-0.3284	0.2358	0.1915	0.0389	0.0316	0.0275	0.0224	28	19
15.00	5.65	-21.50	13:26:44	104	20.85	88.17	-0.0622	-0.3196	0.1929	0.1992	0.0372	0.0385	0.0263	0.0272	22	19
15.00	5.15	-21.50	13:26:55	132	26.81	96.72	0.0264	-0.2859	0.1957	0.1711	0.0335	0.0293	0.0237	0.0207	22	19
15.00	4.65	-21.50	13:27:08	127	26.11	93.51	0.0444	-0.2641	0.1526	0.1743	0.0267	0.0304	0.0188	0.0215	16	19
15.00	4.15	-21.50	13:27:21	149	30.24	93.58	0.0232	-0.2858	0.1722	0.1662	0.0277	0.0268	0.0196	0.0189	19	19
15.00	3.65	-21.50	13:27:33	124	25.75	95.42	0.0191	-0.2851	0.1765	0.1775	0.0312	0.0314	0.0221	0.0222	19	22
15.00	3.15	-21.50	13:27:46	140	28.44	92.34	0.0052	-0.3054	0.1572	0.1757	0.0261	0.0292	0.0185	0.0207	16	19
15.00	2.65	-21.50	13:27:58	109	22.00	95.47	0.0337	-0.2896	0.1441	0.1561	0.0272	0.0294	0.0192	0.0208	16	19
15.00	2.15	-21.50	13:28:10	98	19.72	100.00	0.0442	-0.2946	0.1336	0.1779	0.0266	0.0354	0.0188	0.0250	16	22
15.00	1.65	-21.50	13:28:22	99	20.00	89.49	0.0722	-0.2365	0.1383	0.1835	0.0274	0.0363	0.0194	0.0257	16	80
15.00	1.15	-21.50	13:28:35	116	23.65	94.17	0.0920	-0.2397	0.1387	0.1789	0.0254	0.0327	0.0179	0.0231	19	28
15.00	0.65	-21.50	13:28:48	115	23.38	94.16	0.0623	-0.1342	0.1725	0.2551	0.0317	0.0468	0.0224	0.0331	16	19
15.00	0.15	-21.50	13:29:00	111	22.48	88.06	0.0516	-0.0938	0.1727	0.2922	0.0323	0.0546	0.0228	0.0386	28	19
15.00	-0.35	-21.50	13:29:12	146	29.43	88.00	0.0446	-0.0083	0.1984	0.2936	0.0323	0.0478	0.0228	0.0338	22	19
15.00	-0.85	-21.50	13:29:24	123	24.85	91.71	0.0798	0.1038	0.1589	0.3020	0.0282	0.0536	0.0199	0.0379	16	19
15.00	-1.35	-21.50	13:29:37	121	25.35	91.46	0.0633	0.1279	0.1713	0.2439	0.0307	0.0436	0.0217	0.0309	16	19
15.00	-1.85	-21.50	13:29:49	126	25.50	95.53	0.0388	0.1875	0.1326	0.2317	0.0232	0.0406	0.0164	0.0287	16	48
15.00	-2.35	-21.50	13:30:01	106	22.00	97.73	0.0477	0.2326	0.1440	0.1847	0.0275	0.0353	0.0195	0.0250	16	25
15.00	-2.85	-21.50	13:30:14	132	26.59	97.59	0.0289	0.3075	0.1562	0.1789	0.0267	0.0306	0.0189	0.0217	16	19
15.00	-3.35	-21.50	13:30:27	108	22.05	98.08	0.0491	0.2970	0.1379	0.2016	0.0261	0.0382	0.0185	0.0270	16	19
15.00	-3.85	-21.50	13:30:40	111	22.44	92.71	-0.0007	0.2990	0.1658	0.1472	0.0310	0.0275	0.0219	0.0194	16	19
15.00	-4.35	-21.50	13:30:53	82	16.53	89.51	-0.0132	0.2675	0.1875	0.1690	0.0408	0.0368	0.0289	0.0260	16	19
15.00	-4.85	-21.50	13:31:06	92	18.70	79.63	-0.0133	0.2511	0.1681	0.1813	0.0345	0.0373	0.0244	0.0263	19	22
15.00	-5.35	-21.50	13:31:18	113	23.37	94.44	-0.0072	0.2548	0.1718	0.1720	0.0318	0.0318	0.0225	0.0225	16	16
15.00	-5.85	-21.50	13:31:31	98	19.84	98.46	0.0258	0.2694	0.1612	0.1908	0.0321	0.0380	0.0227	0.0268	19	16
15.00	-6.35	-21.50	13:31:43	137	27.50	96.19	-0.0159	0.2816	0.2110	0.1999	0.0355	0.0336	0.0251	0.0238	25	22
15.00	-6.85	-21.50	13:31:55	154	30.38	93.71	-0.0417	0.2983	0.2254	0.1919	0.0357	0.0304	0.0253	0.0215	19	16
15.00	-6.85	-22.00	13:32:08	139	28.47	94.63	-0.0266	0.3080	0.2081	0.1927	0.0347	0.0322	0.0246	0.0227	16	19
15.00	-6.35	-22.00	13:32:20	133	26.87	93.40	-0.0382	0.3293	0.2324	0.1976	0.0396	0.0337	0.0280	0.0238	19	19
15.00	-5.85	-22.00	13:32:33	132	26.21	91.75	-0.0255	0.2769	0.2085	0.1917	0.0357	0.0328	0.0252	0.0232	19	19
15.00	-5.35	-22.00	13:32:45	93	19.07	93.74	0.0225	0.2870	0.1749	0.1482	0.0357	0.0303	0.0253	0.0214	16	19
15.00	-4.85	-22.00	13:32:57	66	13.37	99.09	0.0140	0.2256	0.1684	0.1582	0.0409	0.0384	0.0289	0.0272	16	19
15.00	-4.35	-22.00	13:33:09	109	22.67	76.65	-0.0258	0.2582	0.1523	0.1588	0.0287	0.0299	0.0203	0.0212	12	22
15.00	-3.85	-22.00	13:33:22	98	19.63	98.42	-0.0423	0.2614	0.1809	0.1479	0.0360	0.0294	0.0255	0.0208	16	19
15.00	-3.35	-22.00	13:33:34	118	24.41	92.90	-0.0166	0.2753	0.1677	0.1831	0.0304	0.0332	0.0215	0.0235	16	19
15.00	-2.85	-22.00	13:33:47	119	23.81	95.52	0.0076	0.2803	0.1504	0.1632	0.0271	0.0294	0.0192	0.0208	12	19
15.00	-2.35	-22.00	13:33:59	109	22.08	99.31	0.0198	0.2498	0.1574	0.1889	0.0297	0.0356	0.0210	0.0252	16	19
15.00	-1.85	-22.00	13:34:13	144	28.84	97.10	-0.0305	0.1940	0.1524	0.2108	0.0250	0.0345	0.0177	0.0244	16	16
15.00	-1.35	-22.00	13:34:26	113	22.71	97.97	-0.0035	0.1347	0.1723	0.2548	0.0319	0.0472	0.0226	0.0334	16	19
15.00	-0.85	-22.00	13:34:39	132	26.58	93.18	0.0123	0.1362	0.1771	0.2451	0.0303	0.0420	0.0214	0.0297	16	22
15.00	-0.35	-22.00	13:34:51	140	27.93	93.43	-0.0165	0.0230	0.1827	0.2785	0.0304	0.0463	0.0215	0.0327	22	25
15.00	0.15	-22.00	13:35:03	117	24.15	94.90	-0.0097	-0.0829	0.1781	0.2544	0.0324	0.0463	0.0229	0.0327	22	22
15.00	0.65	-22.00	13:35:15	115	23.06	95.12	0.0083	-0.0751	0.1631	0.2686	0.0299	0.0493	0.0212	0.0349	19	19
15.00	1.15	-22.00	13:35:27	139	28.43	93.45	0.0078	-0.1712	0.1505	0.2213	0.0251	0.0369	0.0178	0.0261	16	22
15.00	1.65	-22.00	13:35:40	109	22.04	97.75	-0.0015	-0.2071	0.1266	0.1902	0.0239	0.0359	0.0169	0.0254	19	19
15.00	2.15	-22.00	13:35:53	90	18.73	97.00	-0.0464	-0.2351	0.1342	0.1547	0.0279	0.0321	0.0197	0.0227	16	22
15.00	2.65	-22.00	13:36:05	86	17.35	97.33	-0.0111	-0.2915	0.1430	0.1977	0.0304	0.0420	0.0215	0.0297	16	19
15.00	3.15	-22.00	13:36:17	128	26.29	98.79	0.0174	-0.2891	0.1866	0.1819	0.0324	0.0316	0.0229	0.0224	12	19
15.00	3.65	-22.00	13:36:31	133	27.10	96.25	-0.0109	-0.2872	0.1968	0.1776	0.0336	0.0303	0.0237	0.0214	16	19
15.00	4.15	-22.00	13:36:44	116	23.72	98.68	0.0183	-0.2719	0.1770	0.1773	0.0323	0.0324	0.0229	0.0229	19	22
15.00	4.65	-22.00	13:36:56	101	20.45	97.86	-0.0200	-0.2815	0.1686	0.1851	0.0331	0.0363	0.0234	0.0257	19	22
15.00	5.15	-22.00	13:37:08	111	22.80	97.83	-0.0313	-0.2706	0.1639	0.2068	0.0306	0.0386	0.0217	0.0273	19	19
15.00	5.65	-22.00	13:37:21	123	25.16	96.49	-0.0096	-0.3421	0.2016	0.1892	0.0358	0.0336	0.0253	0.0237	19	19
15.00	6.15	-22.00	13:37:34	140	28.71	93.02	-0.0423	-0.3475	0.2323	0.1942	0.0386	0.0323	0.0273	0.0228	16	19
15.00	6.65	-22.00	13:37:46	109	21.77	92.02	-0.0301	-0.2978	0.2103	0.2040	0.0397	0.0385	0.0280	0.0272	19	19
15.00	7.15	-22.00	13:37:58	126	25.51	97.27	-0.0207	-0.3527	0.1972	0.1891	0.0346	0.0331	0.0244	0.0234	19	19
15.00	7.15	-22.50	13:38:10	116	23.96	94.88	-0.0842	-0.3276	0.2216	0.1901	0.0405	0.0347	0.0286	0.0246	19	22
15.00	6.65	-22.50	13:38:23	116	23.95	89.07	-0.0026	-0.3243	0.2112	0.2339	0.0386	0.0428	0.0273	0.0302	19	22
15.00	6.15	-22.50	13:38:37	120	24.62	99.02	-0.0373	-0.2755	0.2138	0.2417	0.0384	0.0434	0.0272	0.0307	22	25
15.00	5.65	-22.50	13:38:49	91	18.59	94.02	-0.0184	-0.2455	0.1802	0.2202	0.0372	0.0455	0.0263	0.0322	19	22
15.00	5.15	-22.50	13:39:01	95	19.20	98.24	-0.0759	-0.2355	0.1853	0.1709	0.0375	0.0346	0.0265	0.0244	19	22
15.00	4.65	-22.50	13:39:13	103	20.82	97.89	-0.0234	-0.2395	0.1519	0.1917	0.0295	0.0372	0.0209	0.0263	22	22
15.00	4.15	-22.50	13:39:26	97	19.67	91.64	-0.0554	-0.2393	0.1581	0.1662	0.0316	0.0332	0.0224	0.0235	19	22
15.00	3.65	-22.50	13:39:38	109	21.77	96.53	-0.0285	-0.2536	0.1812	0.1923	0.0342	0.0363	0.0242	0.0256	16	19
15.00	3.15	-22.50	13:39:50	114	22.94	97.48	-0.0488	-0.2485	0.1750	0.1535	0.0323	0.0283	0.0228	0.0200	16	22
15.00	2.65	-22.50	13:40:02	94	18.92	94.17	-0.0181	-0.2132	0.1320	0.1754	0.0268	0.0357	0.0190	0.0252	16	19
15.00	2.15	-22.50	13:40:15	94	18.86	90.68	-0.0382	-0.1827	0.1494	0.2016	0.0304	0.0410	0.0215	0.0290	19	19
15.00	1.65	-22.50	13:40:27	148	30.28	96.98	-0.0623	-0.1619	0.1318	0.1872	0.0213	0.0303	0.0151	0.0214	16	22
15.00	1.15	-22.50	13:40:40	176	36.27	98.09	-0.0593	-0.1518	0.1473	0.1881	0.0218	0.0279	0.0154	0.0197	19	22
15.00	0.65	-22.50	13:40:52	127	25.58	95.06	-0.0778	-0.1084	0.1575	0.2359	0.0275	0.0412	0.0194	0.0291	16	19
15.00	0.15	-22.50	13:41:05	126	26.17	96.18	-0.1008	-0.0714	0.1816	0.2767	0.0318	0.0485	0.0225	0.0343	19	19
15.00	-0.35	-22.50	13:41:17	134	26.97	88.98	-0.1209	0.0152	0.1900	0.2573	0.0323	0.0437	0.0228	0.0309	22	19
15.00	-0.85	-22.50	13:41:30	144	29.35	97.25	-0.0931	0.1053	0.1640	0.2544	0.0269	0.0417	0.0190	0.0295	16	19
15.00	-1.35	-22.50	13:41:42	141	28.41	96.47	-0.0660	0.0860	0.1810	0.2416	0.0300	0.0400	0.0212	0.0283	19	22
15.00	-1.85	-22.50	13:41:55	82	16.69	100.00	-0.0765	0.1677	0.1472	0.2044	0.0321	0.0445	0.0227	0.0315	16	19
15.00	-2.35	-22.50	13:42:07	82	16.67	99.09	-0.0833	0.2143	0.1427	0.1693	0.0311	0.0369	0.0220	0.0261	12	16
15.00	-2.85	-22.50	13:42:19	109	22.14	76.49	-0.0452	0.2422	0.1368	0.1629	0.0258	0.0307	0.0182	0.0217	16	19
15.00	-3.35	-22.50	13:42:31	102	20.69	90.60	-0.0398	0.2564	0.1711	0.1591	0.0334	0.0310	0.0236	0.0219	16	19
15.00	-3.85	-22.50	13:42:44	99	20.09	98.32	-0.0528	0.2410	0.1836	0.1777	0.0364	0.0352	0.0257	0.0249	16	19
15.00	-4.35	-22.50	13:42:56	112	22.76	98.69	-0.0488	0.2695	0.1447	0.2022	0.0269	0.0376	0.0190	0.0266	16	19
15.00	-4.85	-22.50	13:43:09	66	13.63	96.73	-0.0404	0.2161	0.1778	0.2025	0.0432	0.0492	0.0306	0.0348	19	22
15.00	-5.35	-22.50	13:43:22	98	20.43	96.50	-0.0374	0.2658	0.1635	0.1899	0.0325	0.0378	0.0230	0.0267	19	19
15.00	-5.85	-22.50	13:43:35	127	26.06	97.46	-0.0078	0.2281	0.2134	0.1935	0.0373	0.0338	0.0263	0.0239	22	25
15.00	-6.35	-22.50	13:43:47	112	22.57	96.09	0.0156	0.2684	0.2389	0.2138	0.0444	0.0398	0.0314	0.0281	22	22
15.00	-6.85	-22.50	13:43:59	130	27.11	93.88	-0.0429	0.3521	0.2113	0.2106	0.0365	0.0363	0.0258	0.0257	19	25
15.00	-5.35	-23.00	13:44:16	96	19.25	93.96	-0.0808	0.1944	0.1502	0.1688	0.0302	0.0339	0.0214	0.0240	16	22
15.00	-4.85	-23.00	13:44:29	77	15.19	87.66	-0.0624	0.1244	0.1428	0.1770	0.0321	0.0398	0.0227	0.0281	16	28
15.00	-4.35	-23.00	13:44:42	82	16.88	96.29	-0.0581	0.1268	0.1815	0.1604	0.0395	0.0349	0.0279	0.0247	16	25
15.00	-3.85	-23.00	13:44:55	121	24.28	96.71	-0.0736	0.1369	0.1900	0.1868	0.0340	0.0334	0.0240	0.0236	16	22
15.00	-3.35	-23.00	13:45:07	123	24.83	97.33	-0.0700	0.1410	0.1620	0.1536	0.0287	0.0272	0.0203	0.0193	16	22
15.00	-2.85	-23.00	13:45:19	105	21.67	92.00	-0.0705	0.1477	0.1553	0.1968	0.0299	0.0378	0.0211	0.0267	16	19
15.00	-2.35	-23.00	13:45:32	127	25.52	90.78	-0.1125	0.1004	0.1617	0.1945	0.0282	0.0340	0.0200	0.0240	16	22
15.00	-1.85	-23.00	13:45:45	100	20.26	98.86	-0.1460	0.1380	0.1363	0.2040	0.0268	0.0402	0.0190	0.0284	19	19
15.00	-1.35	-23.00	13:45:57	121	24.62	97.68	-0.0675	0.0885	0.1750	0.2364	0.0313	0.0423	0.0221	0.0299	16	19
15.00	-0.85	-23.00	13:46:09	120	24.28	93.87	-0.1492	0.0265	0.1969	0.2515	0.0354	0.0452	0.0250	0.0320	16	19
15.00	-0.35	-23.00	13:46:22	138	27.94	98.37	-0.1527	0.0004	0.1698	0.2799	0.0284	0.0469	0.0201	0.0331	19	19
15.00	0.15	-23.00	13:46:35	146	29.52	94.47	-0.1520	-0.0125	0.1903	0.2430	0.0310	0.0396	0.0219	0.0280	19	22
15.00	0.65	-23.00	13:46:48	127	25.58	97.14	-0.1145	-0.0598	0.1947	0.2405	0.0340	0.0420	0.0240	0.0297	19	19
15.00	1.15	-23.00	13:47:00	139	28.23	95.57	-0.1191	-0.0799	0.1706	0.2018	0.0285	0.0337	0.0201	0.0238	16	19
15.00	1.65	-23.00	13:47:12	106	21.37	98.68	-0.0814	-0.0899	0.1461	0.1769	0.0280	0.0338	0.0198	0.0239	16	19
15.00	2.15	-23.00	13:47:25	134	26.73	91.79	-0.0589	-0.0996	0.1482	0.1834	0.0252	0.0312	0.0178	0.0220	19	22
15.00	2.65	-23.00	13:47:37	69	14.48	97.17	-0.0670	-0.1706	0.1593	0.1778	0.0379	0.0423	0.0268	0.0299	19	19
15.00	3.15	-23.00	13:47:50	89	18.25	92.36	-0.0649	-0.1571	0.1612	0.1495	0.0337	0.0312	0.0238	0.0221	16	19
15.00	3.65	-23.00	13:48:01	80	16.16	97.75	-0.0022	-0.1742	0.1486	0.1796	0.0328	0.0396	0.0232	0.0280	16	22
15.00	4.15	-23.00	13:48:14	120	24.23	95.93	-0.0736	-0.1760	0.1656	0.1594	0.0298	0.0286	0.0210	0.0203	22	22
15.00	4.65	-23.00	13:48:26	118	24.48	87.81	-0.0559	-0.1093	0.1815	0.2031	0.0329	0.0368	0.0233	0.0260	16	22
15.00	5.15	-23.00	13:48:38	131	26.54	97.39	-0.0612	-0.1633	0.1581	0.1892	0.0272	0.0325	0.0192	0.0230	16	22
15.00	4.15	-23.50	13:48:54	106	21.74	94.45	-0.1041	-0.0266	0.1999	0.1766	0.0382	0.0338	0.0270	0.0239	19	25
15.00	3.65	-23.50	13:49:06	72	15.12	97.04	-0.0929	-0.1040	0.1615	0.1615	0.0376	0.0376	0.0266	0.0266	19	28
15.00	3.15	-23.50	13:49:19	88	17.89	98.54	-0.0610	-0.0218	0.1495	0.1857	0.0314	0.0390	0.0222	0.0276	16	22
15.00	2.65	-23.50	13:49:32	110	22.24	97.63	-0.0854	-0.0335	0.1525	0.1968	0.0286	0.0369	0.0202	0.0261	16	19
15.00	2.15	-23.50	13:49:44	125	24.83	95.60	-0.1202	-0.0821	0.1489	0.1768	0.0262	0.0311	0.0185	0.0220	16	19
15.00	1.65	-23.50	13:49:56	131	26.80	97.25	-0.1430	-0.0571	0.2068	0.1924	0.0356	0.0331	0.0251	0.0234	19	19
15.00	1.15	-23.50	13:50:08	143	28.84	96.31	-0.1164	-0.0530	0.1719	0.2180	0.0283	0.0359	0.0200	0.0254	19	22
15.00	0.65	-23.50	13:50:22	133	26.97	97.17	-0.1494	-0.0179	0.2117	0.2193	0.0361	0.0374	0.0255	0.0264	19	19
15.00	0.15	-23.50	13:50:34	163	34.49	98.15	-0.1830	-0.0442	0.2053	0.2106	0.0316	0.0324	0.0224	0.0229	25	19
15.00	-0.35	-23.50	13:50:46	124	25.80	95.00	-0.2300	0.0064	0.1901	0.2499	0.0336	0.0442	0.0238	0.0312	22	19
15.00	-0.85	-23.50	13:50:58	138	27.94	68.85	-0.2051	0.0184	0.2028	0.2369	0.0340	0.0397	0.0240	0.0280	16	16
15.00	-1.35	-23.50	13:51:11	158	31.97	94.92	-0.1299	0.0284	0.2113	0.2243	0.0331	0.0351	0.0234	0.0248	19	22
15.00	-1.85	-23.50	13:51:24	143	29.26	91.90	-0.1321	0.0341	0.1980	0.2237	0.0326	0.0368	0.0230	0.0260	19	19
15.00	-2.35	-23.50	13:51:37	108	21.80	97.26	-0.1190	0.0416	0.1608	0.1981	0.0305	0.0375	0.0215	0.0265	16	19
15.00	-2.85	-23.50	13:51:49	87	17.22	98.95	-0.1058	0.0606	0.1700	0.1996	0.0359	0.0422	0.0254	0.0298	16	19
15.00	-3.35	-23.50	13:52:01	110	22.28	98.57	-0.0890	0.0574	0.1715	0.1768	0.0322	0.0332	0.0228	0.0235	12	19
15.00	-3.85	-23.50	13:52:14	105	21.29	95.36	-0.0676	0.0686	0.1953	0.1962	0.0375	0.0377	0.0265	0.0267	16	19
15.00	-3.35	-24.00	13:52:26	108	21.97	92.35	-0.1058	-0.0289	0.2027	0.1648	0.0384	0.0312	0.0272	0.0221	16	25
15.00	-2.85	-24.00	13:52:38	118	23.99	98.54	-0.1581	-0.0014	0.1758	0.1852	0.0318	0.0336	0.0225	0.0237	12	19
15.00	-2.35	-24.00	13:52:50	122	24.77	98.73	-0.1442	-0.0016	0.2056	0.2056	0.0366	0.0366	0.0259	0.0259	16	22
15.00	-1.85	-24.00	13:53:03	138	28.09	93.99	-0.1517	-0.0016	0.1797	0.2335	0.0301	0.0391	0.0213	0.0276	16	19
15.00	-1.35	-24.00	13:53:16	159	32.10	95.91	-0.1779	0.0092	0.2121	0.2266	0.0331	0.0353	0.0234	0.0250	19	22
15.00	-0.85	-24.00	13:53:28	132	26.51	92.52	-0.2034	0.0007	0.1945	0.2160	0.0333	0.0370	0.0235	0.0262	25	19
15.00	-0.35	-24.00	13:53:41	147	29.15	93.59	-0.2571	0.0088	0.1847	0.2229	0.0300	0.0362	0.0212	0.0256	16	19
15.00	0.15	-24.00	13:53:53	158	31.80	88.71	-0.1977	-0.0514	0.1698	0.1892	0.0266	0.0296	0.0188	0.0209	22	22
15.00	0.65	-24.00	13:54:06	131	27.00	97.09	-0.1585	0.0191	0.2004	0.2038	0.0345	0.0350	0.0244	0.0248	22	19
15.00	1.15	-24.00	13:54:19	123	25.03	92.19	-0.1145	-0.0622	0.1982	0.2006	0.0352	0.0356	0.0249	0.0252	16	16
15.00	1.65	-24.00	13:54:31	120	24.23	87.65	-0.1487	0.0014	0.1871	0.1878	0.0336	0.0337	0.0238	0.0239	19	19
15.00	2.15	-24.00	13:54:43	141	28.08	97.35	-0.1265	0.0064	0.1798	0.1714	0.0298	0.0284	0.0211	0.0201	19	22
15.00	2.65	-24.00	13:54:56	117	22.71	96.51	-0.1570	0.0320	0.1580	0.1682	0.0287	0.0306	0.0203	0.0216	12	19
15.00	3.15	-24.00	13:55:09	65	13.88	76.69	-0.0963	-0.0225	0.1649	0.1838	0.0404	0.0450	0.0286	0.0318	16	25
15.00	2.65	-24.50	13:55:23	118	24.22	96.39	-0.0936	0.0810	0.1715	0.1496	0.0311	0.0271	0.0220	0.0192	19	19
15.00	2.15	-24.50	13:55:35	118	23.89	98.01	-0.1745	0.0071	0.1598	0.1580	0.0290	0.0286	0.0205	0.0202	28	22
15.00	1.65	-24.50	13:55:47	129	26.01	98.75	-0.1523	0.0219	0.1847	0.1755	0.0320	0.0304	0.0226	0.0215	16	19
15.00	1.15	-24.50	13:55:59	108	21.82	95.43	-0.1392	0.0085	0.1875	0.2059	0.0355	0.0390	0.0251	0.0276	16	19
15.00	0.65	-24.50	13:56:13	116	23.69	97.66	-0.1822	0.0422	0.2131	0.2204	0.0390	0.0403	0.0275	0.0285	16	19
15.00	0.15	-24.50	13:56:25	134	27.34	95.10	-0.2220	-0.0147	0.2100	0.2264	0.0357	0.0385	0.0252	0.0272	19	19
15.00	-0.35	-24.50	13:56:37	131	27.17	96.18	-0.2457	0.0114	0.2052	0.2161	0.0353	0.0372	0.0249	0.0263	16	19
15.00	-0.85	-24.50	13:56:50	142	28.54	96.54	-0.2272	-0.0311	0.2101	0.2539	0.0347	0.0419	0.0245	0.0296	16	19
15.00	-1.35	-24.50	13:57:03	152	30.29	94.50	-0.1972	0.0000	0.2288	0.2103	0.0365	0.0335	0.0258	0.0237	16	19
15.00	-1.85	-24.50	13:57:16	106	21.35	94.16	-0.1326	-0.0184	0.2155	0.2076	0.0412	0.0397	0.0291	0.0281	16	19
15.00	-2.35	-24.50	13:57:28	132	26.60	91.43	-0.1358	-0.0382	0.2105	0.2055	0.0360	0.0352	0.0255	0.0249	28	22
15.00	-2.85	-24.50	13:57:40	105	21.97	96.68	-0.1151	-0.0734	0.1474	0.1731	0.0283	0.0333	0.0200	0.0235	19	19
15.00	-2.35	-25.00	13:57:52	128	25.87	97.23	-0.1680	-0.0799	0.1984	0.1875	0.0345	0.0326	0.0244	0.0231	16	22
15.00	-1.85	-25.00	13:58:05	129	26.13	95.61	-0.2159	-0.0792	0.2061	0.2269	0.0357	0.0393	0.0252	0.0278	16	19
15.00	-1.35	-25.00	13:58:17	126	25.52	88.82	-0.2477	-0.0454	0.1922	0.1981	0.0337	0.0347	0.0238	0.0246	19	19
15.00	-0.85	-25.00	13:58:29	143	28.91	96.02	-0.2470	0.0120	0.2266	0.2118	0.0373	0.0348	0.0264	0.0246	16	19
15.00	-0.35	-25.00	13:58:42	110	22.03	97.82	-0.2671	-0.0171	0.1715	0.2220	0.0322	0.0417	0.0228	0.0295	16	19
15.00	0.15	-25.00	13:58:54	125	25.68	77.80	-0.2166	-0.0205	0.1827	0.2144	0.0322	0.0377	0.0227	0.0267	16	19
15.00	0.65	-25.00	13:59:06	134	27.38	96.20	-0.1845	0.0076	0.2042	0.2051	0.0347	0.0349	0.0245	0.0246	19	22
15.00	1.15	-25.00	13:59:19	108	22.11	91.81	-0.1120	0.0315	0.1974	0.1838	0.0374	0.0348	0.0264	0.0246	25	19
15.00	1.65	-25.00	13:59:32	139	28.30	95.13	-0.1617	0.0489	0.1902	0.1553	0.0317	0.0259	0.0224	0.0183	16	19
15.00	2.15	-25.00	13:59:44	127	26.25	96.20	-0.1691	0.0635	0.1706	0.1628	0.0298	0.0284	0.0211	0.0201	19	25
15.00	2.15	-25.50	13:59:56	152	30.86	93.97	-0.1623	0.0364	0.2188	0.1990	0.0349	0.0317	0.0247	0.0224	16	22
15.00	1.65	-25.50	14:00:09	124	25.97	97.62	-0.1835	0.0537	0.1801	0.1796	0.0318	0.0317	0.0225	0.0224	19	22
15.00	1.15	-25.50	14:00:21	104	21.85	96.07	-0.1908	0.0300	0.1863	0.1942	0.0360	0.0375	0.0254	0.0265	19	19
15.00	0.65	-25.50	14:00:34	113	22.66	88.93	-0.1926	0.0089	0.1837	0.1794	0.0340	0.0332	0.0241	0.0235	16	22
15.00	0.15	-25.50	14:00:46	127	26.35	98.45	-0.2076	0.0238	0.2173	0.2154	0.0379	0.0376	0.0268	0.0266	19	19
15.00	-0.35	-25.50	14:00:59	126	26.06	96.10	-0.2512	0.0134	0.2088	0.2107	0.0366	0.0369	0.0259	0.0261	22	19
15.00	-0.85	-25.50	14:01:11	125	25.01	94.52	-0.2162	-0.0291	0.2008	0.2108	0.0353	0.0371	0.0250	0.0262	16	19
15.00	-1.35	-25.50	14:01:23	136	27.35	93.24	-0.2021	-0.0391	0.2061	0.2207	0.0348	0.0372	0.0246	0.0263	19	19
15.00	-1.85	-25.50	14:01:36	129	26.13	91.76	-0.2143	-0.0483	0.1931	0.2070	0.0335	0.0359	0.0237	0.0254	16	19
15.00	-1.85	-26.00	14:01:49	146	30.53	95.77	-0.1865	-0.0470	0.1950	0.1820	0.0317	0.0296	0.0224	0.0210	16	22
15.00	-1.35	-26.00	14:02:02	140	28.42	92.04	-0.2758	-0.0378	0.1870	0.2059	0.0311	0.0342	0.0220	0.0242	19	19
15.00	-0.85	-26.00	14:02:14	128	26.29	97.27	-0.2454	-0.0451	0.1765	0.2159	0.0307	0.0376	0.0217	0.0266	16	19
15.00	-0.35	-26.00	14:02:26	148	29.72	96.19	-0.2455	-0.0024	0.1948	0.2141	0.0315	0.0346	0.0223	0.0245	19	22
15.00	0.15	-26.00	14:02:39	138	28.04	95.35	-0.2265	0.0221	0.2062	0.2062	0.0345	0.0345	0.0244	0.0244	22	19
15.00	0.65	-26.00	14:02:52	116	24.45	99.46	-0.1940	0.0327	0.1876	0.1621	0.0343	0.0296	0.0243	0.0209	16	19
15.00	1.15	-26.00	14:03:06	129	26.18	97.40	-0.1901	0.0521	0.1811	0.1905	0.0314	0.0330	0.0222	0.0233	22	22
15.00	1.65	-26.00	14:03:19	170	35.13	97.95	-0.1903	0.0842	0.2123	0.1893	0.0320	0.0285	0.0226	0.0202	19	25
15.00	1.65	-26.50	14:03:31	156	31.88	91.33	-0.1963	0.0420	0.2242	0.2173	0.0353	0.0342	0.0250	0.0242	19	25
15.00	1.15	-26.50	14:03:43	156	31.48	93.29	-0.2234	0.0392	0.1921	0.1615	0.0302	0.0254	0.0214	0.0180	22	19
15.00	0.65	-26.50	14:03:56	119	23.63	97.96	-0.1959	0.0182	0.1726	0.1700	0.0311	0.0307	0.0220	0.0217	16	19
15.00	0.15	-26.50	14:04:10	122	24.46	93.41	-0.2472	0.0195	0.1826	0.1910	0.0325	0.0340	0.0230	0.0241	19	19
15.00	-0.35	-26.50	14:04:23	136	27.69	95.62	-0.2226	0.0160	0.1867	0.2126	0.0315	0.0359	0.0223	0.0254	19	19
15.00	-0.85	-26.50	14:04:36	127	25.78	94.29	-0.2763	-0.0292	0.1780	0.2245	0.0311	0.0392	0.0220	0.0277	16	19
15.00	-1.35	-26.50	14:04:49	153	30.90	96.49	-0.2448	-0.0445	0.2079	0.1988	0.0331	0.0316	0.0234	0.0223	22	22
15.00	-1.35	-27.00	14:05:01	143	28.53	97.29	-0.2417	-0.0162	0.2032	0.1977	0.0334	0.0325	0.0236	0.0230	25	25
15.00	-0.85	-27.00	14:05:13	132	26.06	95.97	-0.2514	0.0308	0.2079	0.1848	0.0356	0.0317	0.0252	0.0224	16	22
15.00	-0.35	-27.00	14:05:26	133	26.85	93.28	-0.1996	0.0657	0.2085	0.1828	0.0356	0.0312	0.0251	0.0221	19	19
15.00	0.15	-27.00	14:05:39	144	29.08	95.90	-0.2293	0.0431	0.1802	0.1839	0.0295	0.0301	0.0209	0.0213	22	22
15.00	0.65	-27.00	14:05:51	146	29.71	94.19	-0.2251	0.0427	0.1636	0.1676	0.0266	0.0273	0.0188	0.0193	19	22
15.00	1.15	-27.00	14:06:03	118	23.85	95.21	-0.2306	0.0434	0.1918	0.1703	0.0348	0.0309	0.0246	0.0218	22	22
15.00	1.15	-27.50	14:06:17	142	29.22	96.53	-0.2129	0.0673	0.1978	0.1743	0.0327	0.0288	0.0231	0.0203	19	22
15.00	0.65	-27.50	14:06:29	112	22.72	96.17	-0.2526	0.0295	0.1485	0.1939	0.0276	0.0361	0.0195	0.0255	16	19
15.00	0.15	-27.50	14:06:42	138	28.51	94.88	-0.2482	0.0228	0.1668	0.1906	0.0279	0.0319	0.0198	0.0226	22	22
15.00	-0.35	-27.50	14:06:55	135	27.23	92.76	-0.2317	0.0516	0.1820	0.1694	0.0308	0.0287	0.0218	0.0203	16	22
15.00	-0.85	-27.50	14:07:07	139	27.88	97.43	-0.2637	0.0198	0.2648	0.1971	0.0442	0.0329	0.0312	0.0233	12	19
15.00	-1.35	-27.50	14:07:20	135	27.07	93.13	-0.2125	-0.0112	0.2482	0.2143	0.0420	0.0363	0.0297	0.0257	22	22
15.00	-0.85	-28.00	14:07:33	126	25.52	93.66	-0.1984	0.0067	0.2336	0.1975	0.0410	0.0346	0.0290	0.0245	16	22
15.00	-0.35	-28.00	14:07:47	115	23.27	97.42	-0.2364	0.0112	0.2181	0.2212	0.0400	0.0406	0.0283	0.0287	19	25
15.00	0.15	-28.00	14:07:59	130	26.10	97.71	-0.2796	0.0667	0.1755	0.2194	0.0303	0.0379	0.0214	0.0268	22	25
15.00	0.65	-28.00	14:08:11	138	28.21	96.51	-0.2205	0.0728	0.1934	0.2016	0.0324	0.0338	0.0229	0.0239	16	19
15.00	1.15	-28.00	14:08:23	152	31.09	91.89	-0.2050	0.1005	0.2145	0.1831	0.0342	0.0292	0.0242	0.0206	22	19
15.00	1.15	-28.50	14:08:37	145	28.48	95.59	-0.1948	0.0644	0.2421	0.1702	0.0395	0.0278	0.0280	0.0197	19	22
15.00	0.65	-28.50	14:08:49	141	28.94	96.16	-0.2544	0.0527	0.1879	0.1950	0.0311	0.0323	0.0220	0.0228	19	19
15.00	0.15	-28.50	14:09:01	118	24.21	85.54	-0.2602	0.0915	0.1872	0.2418	0.0339	0.0438	0.0240	0.0310	19	25
15.00	-0.35	-28.50	14:09:13	132	26.44	92.03	-0.2551	0.0663	0.2241	0.2209	0.0384	0.0378	0.0271	0.0267	16	25
15.00	-0.85	-28.50	14:09:26	168	33.68	94.23	-0.1952	-0.0001	0.2253	0.2216	0.0342	0.0336	0.0242	0.0238	19	22
