DXEX v3
C:\Documents and Settings\Prof. Werneck\Desktop\Testes_HTP\Testes\Testes_Topo\15mm\15mm_campo_topo_t02.lda
15:15:48
15.00 mm;-0.85 mm;0.00 mm
15_90_sub1
"X [mm]"	"Y [mm]"	"Z [mm]"	"Date_Time"	"Count{1}"	"Data Rate{1} [#/s]"	"Validation{1} [%]"	"LDA1-Mean [m/s]"	"LDA2-Mean [m/s]"	"LDA1-RMS [m/s]"	"LDA2-RMS [m/s]"	"LDA1-MeanConf [m/s]"	"LDA2-MeanConf [m/s]"	"LDA1-RMSConf [m/s]"	"LDA2-RMSConf [m/s]"	"LDA1-AnodeCur [uA]"	"LDA2-AnodeCur [uA]"	
15.00	-0.85	0.00	15:15:48	171	34.83	94.88	-0.3889	-0.0108	0.1898	0.2019	0.0285	0.0303	0.0202	0.0215	16	22
15.00	-0.35	0.00	15:16:00	149	29.95	94.94	-0.3747	0.0288	0.1853	0.1971	0.0299	0.0318	0.0211	0.0225	12	28
15.00	0.15	0.00	15:16:12	157	31.72	94.29	-0.3809	0.0761	0.1766	0.2175	0.0277	0.0341	0.0196	0.0241	16	22
15.00	0.65	0.00	15:16:25	178	35.95	90.79	-0.3564	0.0869	0.2051	0.1734	0.0302	0.0256	0.0214	0.0181	16	25
15.00	1.15	0.00	15:16:38	176	35.74	83.87	-0.3432	0.1219	0.2306	0.2125	0.0342	0.0315	0.0242	0.0223	16	28
15.00	1.15	-0.50	15:16:51	144	28.94	85.93	-0.3330	0.1129	0.2439	0.1973	0.0400	0.0323	0.0283	0.0229	16	25
15.00	0.65	-0.50	15:17:04	182	36.84	97.35	-0.3488	0.0783	0.1889	0.1914	0.0275	0.0279	0.0195	0.0197	22	22
15.00	0.15	-0.50	15:17:16	188	37.65	95.32	-0.3894	0.0609	0.1708	0.1896	0.0245	0.0272	0.0173	0.0192	12	22
15.00	-0.35	-0.50	15:17:28	199	40.27	95.28	-0.3945	0.0406	0.1908	0.1978	0.0266	0.0276	0.0188	0.0195	12	25
15.00	-0.85	-0.50	15:17:41	154	30.98	95.30	-0.3730	0.0274	0.2067	0.1845	0.0328	0.0292	0.0232	0.0207	12	22
15.00	-0.85	-1.00	15:17:53	175	35.71	95.39	-0.3743	0.0581	0.2007	0.1823	0.0298	0.0271	0.0211	0.0192	12	25
15.00	-0.35	-1.00	15:18:05	171	34.78	96.15	-0.3763	0.0266	0.1815	0.1817	0.0273	0.0273	0.0193	0.0193	16	32
15.00	0.15	-1.00	15:18:17	171	34.40	90.01	-0.3939	0.0455	0.1817	0.1833	0.0273	0.0276	0.0193	0.0195	12	25
15.00	0.65	-1.00	15:18:30	190	38.55	83.60	-0.3811	0.0842	0.1792	0.1564	0.0256	0.0223	0.0181	0.0158	16	25
15.00	1.15	-1.00	15:18:42	176	36.02	85.49	-0.3023	0.0899	0.2506	0.2083	0.0371	0.0309	0.0263	0.0218	16	19
15.00	1.15	-1.50	15:18:54	156	31.12	81.38	-0.2404	0.1193	0.2784	0.2013	0.0438	0.0317	0.0310	0.0224	19	19
15.00	0.65	-1.50	15:19:07	172	35.04	93.71	-0.3614	0.0739	0.2118	0.1700	0.0317	0.0255	0.0224	0.0180	12	25
15.00	0.15	-1.50	15:19:19	159	32.04	96.21	-0.3815	0.0742	0.1686	0.1867	0.0263	0.0291	0.0186	0.0206	12	22
15.00	-0.35	-1.50	15:19:31	160	32.28	90.03	-0.3698	0.0551	0.1719	0.1869	0.0267	0.0291	0.0189	0.0205	16	38
15.00	-0.85	-1.50	15:19:43	138	28.00	87.37	-0.3868	0.0587	0.2119	0.1902	0.0355	0.0319	0.0251	0.0225	12	22
15.00	-1.35	-1.50	15:19:56	160	32.20	83.86	-0.3328	0.0173	0.2671	0.2137	0.0415	0.0332	0.0294	0.0235	16	22
15.00	-1.35	-2.00	15:20:09	162	32.87	88.86	-0.2753	-0.0226	0.2492	0.1815	0.0385	0.0280	0.0272	0.0198	19	22
15.00	-0.85	-2.00	15:20:21	134	27.03	88.88	-0.3225	0.0085	0.2338	0.1741	0.0397	0.0296	0.0281	0.0209	12	22
15.00	-0.35	-2.00	15:20:34	161	33.26	93.41	-0.3794	0.0778	0.1805	0.2098	0.0280	0.0325	0.0198	0.0230	12	25
15.00	0.15	-2.00	15:20:46	146	29.81	95.40	-0.3884	0.0679	0.1744	0.1809	0.0284	0.0295	0.0201	0.0208	16	22
15.00	0.65	-2.00	15:20:59	136	26.96	95.40	-0.3600	0.0611	0.1912	0.1714	0.0323	0.0289	0.0228	0.0204	12	22
15.00	1.15	-2.00	15:21:11	148	30.69	82.62	-0.2750	0.1122	0.2745	0.1811	0.0444	0.0293	0.0314	0.0207	19	19
15.00	1.15	-2.50	15:21:23	135	27.45	95.49	-0.2448	0.1445	0.2263	0.1618	0.0383	0.0274	0.0271	0.0194	19	19
15.00	0.65	-2.50	15:21:36	136	27.39	94.15	-0.3942	0.1040	0.1929	0.1656	0.0325	0.0279	0.0230	0.0198	12	19
15.00	0.15	-2.50	15:21:48	158	31.73	92.01	-0.3824	0.0611	0.1911	0.1924	0.0299	0.0301	0.0211	0.0213	12	16
15.00	-0.35	-2.50	15:22:00	140	28.25	96.35	-0.3617	0.0449	0.1938	0.1919	0.0322	0.0319	0.0228	0.0226	12	19
15.00	-0.85	-2.50	15:22:12	131	26.51	93.33	-0.3049	0.0032	0.2249	0.1801	0.0387	0.0310	0.0273	0.0219	16	19
15.00	-1.35	-2.50	15:22:25	151	30.78	91.01	-0.2286	-0.0278	0.2430	0.1801	0.0389	0.0288	0.0275	0.0204	16	32
15.00	-1.85	-3.00	15:22:38	146	29.59	86.06	-0.0450	-0.0790	0.2071	0.1824	0.0337	0.0297	0.0238	0.0210	12	22
15.00	-1.35	-3.00	15:22:50	159	32.14	93.09	-0.1676	-0.0482	0.1984	0.1728	0.0309	0.0270	0.0219	0.0191	16	19
15.00	-0.85	-3.00	15:23:02	154	31.37	94.65	-0.3141	0.0006	0.2070	0.1754	0.0328	0.0278	0.0232	0.0197	12	19
15.00	-0.35	-3.00	15:23:15	131	26.63	87.11	-0.3407	0.0127	0.1776	0.1735	0.0305	0.0298	0.0216	0.0211	16	16
15.00	0.15	-3.00	15:23:27	163	33.30	97.75	-0.3398	0.0675	0.1910	0.1739	0.0294	0.0268	0.0208	0.0189	16	19
15.00	0.65	-3.00	15:23:39	159	31.95	96.94	-0.2987	0.0975	0.2023	0.1726	0.0315	0.0269	0.0223	0.0190	12	22
15.00	1.15	-3.00	15:23:51	142	28.57	93.61	-0.2192	0.1027	0.2299	0.1585	0.0379	0.0262	0.0268	0.0185	25	19
15.00	1.65	-3.00	15:24:04	107	21.64	93.35	-0.0592	0.1434	0.1965	0.1828	0.0374	0.0348	0.0265	0.0246	16	19
15.00	2.15	-3.50	15:24:16	155	31.79	94.18	0.0405	0.0981	0.1830	0.1886	0.0289	0.0298	0.0204	0.0211	19	19
15.00	1.65	-3.50	15:24:28	140	28.57	82.95	-0.0708	0.1497	0.1926	0.1746	0.0320	0.0290	0.0226	0.0205	19	16
15.00	1.15	-3.50	15:24:41	116	23.47	98.21	-0.1747	0.1191	0.1925	0.1596	0.0352	0.0292	0.0249	0.0206	25	25
15.00	0.65	-3.50	15:24:53	147	29.64	97.51	-0.2855	0.0956	0.2086	0.1659	0.0338	0.0269	0.0239	0.0190	16	22
15.00	0.15	-3.50	15:25:05	161	32.71	96.35	-0.3134	0.0355	0.1869	0.1343	0.0290	0.0208	0.0205	0.0147	12	19
15.00	-0.35	-3.50	15:25:17	104	21.24	94.78	-0.3156	0.0233	0.1905	0.1620	0.0368	0.0313	0.0260	0.0221	12	16
15.00	-0.85	-3.50	15:25:30	133	27.10	83.75	-0.2382	-0.0328	0.2092	0.1475	0.0357	0.0252	0.0252	0.0178	16	19
15.00	-1.35	-3.50	15:25:42	142	29.04	89.15	-0.1814	-0.0844	0.1788	0.1743	0.0295	0.0288	0.0209	0.0203	16	19
15.00	-1.85	-3.50	15:25:54	140	28.39	89.68	-0.0956	-0.0741	0.1717	0.1742	0.0285	0.0290	0.0202	0.0205	12	19
15.00	-2.35	-3.50	15:26:07	144	29.27	94.92	0.0605	-0.1026	0.1915	0.1731	0.0314	0.0284	0.0222	0.0201	19	19
15.00	-2.85	-4.00	15:26:19	154	30.84	90.74	0.1149	-0.1111	0.1660	0.1803	0.0263	0.0286	0.0186	0.0202	16	25
15.00	-2.35	-4.00	15:26:31	142	28.91	86.30	0.0556	-0.1029	0.1938	0.1702	0.0320	0.0281	0.0226	0.0199	12	19
15.00	-1.85	-4.00	15:26:43	129	25.90	92.68	-0.0509	-0.0801	0.1983	0.1791	0.0344	0.0310	0.0243	0.0219	19	22
15.00	-1.35	-4.00	15:26:56	137	27.86	85.61	-0.1683	-0.0584	0.1735	0.1845	0.0292	0.0310	0.0206	0.0219	16	19
15.00	-0.85	-4.00	15:27:09	148	29.98	96.23	-0.1955	-0.0253	0.2023	0.1656	0.0327	0.0268	0.0231	0.0189	16	25
15.00	-0.35	-4.00	15:27:21	107	21.99	95.14	-0.2720	0.0083	0.1915	0.1331	0.0365	0.0253	0.0258	0.0179	12	19
15.00	0.15	-4.00	15:27:33	121	24.50	89.68	-0.2924	0.0630	0.1707	0.1220	0.0305	0.0218	0.0216	0.0154	12	16
15.00	0.65	-4.00	15:27:45	122	24.65	94.93	-0.2756	0.1043	0.2017	0.1271	0.0359	0.0227	0.0254	0.0160	12	19
15.00	1.15	-4.00	15:27:58	112	22.73	89.97	-0.1854	0.1045	0.1890	0.1633	0.0352	0.0304	0.0249	0.0215	19	19
15.00	1.65	-4.00	15:28:10	106	21.55	90.37	-0.1120	0.1341	0.1746	0.1556	0.0334	0.0298	0.0236	0.0211	12	16
15.00	2.15	-4.00	15:28:22	130	26.21	94.39	0.0287	0.1463	0.1892	0.1947	0.0327	0.0336	0.0231	0.0238	28	25
15.00	2.65	-4.00	15:28:35	133	26.68	82.09	0.1266	0.0917	0.1766	0.1794	0.0301	0.0306	0.0213	0.0216	25	22
15.00	3.15	-4.50	15:28:47	139	28.19	93.04	0.1147	0.0903	0.1981	0.1981	0.0330	0.0331	0.0234	0.0234	28	25
15.00	2.65	-4.50	15:28:59	127	26.88	86.96	0.0705	0.1643	0.1910	0.1619	0.0334	0.0283	0.0236	0.0200	16	22
15.00	2.15	-4.50	15:29:12	146	29.46	96.26	0.0157	0.1249	0.1770	0.1744	0.0288	0.0284	0.0204	0.0201	16	16
15.00	1.65	-4.50	15:29:25	120	24.10	94.19	-0.1031	0.0942	0.1962	0.1752	0.0353	0.0315	0.0249	0.0223	12	16
15.00	1.15	-4.50	15:29:37	110	22.83	88.95	-0.2150	0.0850	0.1816	0.1637	0.0341	0.0307	0.0241	0.0217	19	16
15.00	0.65	-4.50	15:29:49	115	22.83	97.19	-0.2073	0.0527	0.1830	0.1597	0.0336	0.0293	0.0237	0.0207	12	19
15.00	0.15	-4.50	15:30:02	104	21.07	98.69	-0.2838	0.0217	0.1886	0.1439	0.0364	0.0278	0.0258	0.0197	28	19
15.00	-0.35	-4.50	15:30:14	115	23.25	90.13	-0.2898	-0.0031	0.1692	0.1487	0.0311	0.0273	0.0220	0.0193	12	19
15.00	-0.85	-4.50	15:30:26	136	27.32	96.01	-0.2293	-0.0261	0.1861	0.1569	0.0314	0.0265	0.0222	0.0187	16	22
15.00	-1.35	-4.50	15:30:38	126	25.71	97.04	-0.1945	-0.0869	0.1961	0.1416	0.0344	0.0248	0.0243	0.0176	19	19
15.00	-1.85	-4.50	15:30:51	141	28.40	96.77	-0.0707	-0.1137	0.1983	0.1589	0.0328	0.0263	0.0232	0.0186	12	19
15.00	-2.35	-4.50	15:31:05	129	26.11	94.54	0.0463	-0.1168	0.2080	0.1835	0.0360	0.0318	0.0255	0.0225	12	16
15.00	-2.85	-4.50	15:31:16	126	25.38	87.70	0.1044	-0.1117	0.1892	0.1591	0.0332	0.0279	0.0234	0.0197	16	19
15.00	-3.35	-4.50	15:31:29	160	32.65	82.29	0.1194	-0.0934	0.1850	0.2107	0.0288	0.0327	0.0203	0.0232	12	22
15.00	-3.85	-5.00	15:31:41	175	35.49	91.19	0.1043	-0.1439	0.1725	0.1996	0.0256	0.0297	0.0181	0.0210	16	19
15.00	-3.35	-5.00	15:31:54	150	30.16	90.86	0.0913	-0.0993	0.1577	0.1772	0.0253	0.0284	0.0179	0.0201	19	16
15.00	-2.85	-5.00	15:32:06	142	28.71	96.28	0.0697	-0.1148	0.1912	0.1812	0.0316	0.0299	0.0223	0.0211	19	28
15.00	-2.35	-5.00	15:32:19	127	26.18	94.83	0.0227	-0.0942	0.1742	0.1662	0.0304	0.0290	0.0215	0.0205	16	19
15.00	-1.85	-5.00	15:32:31	144	29.00	92.32	-0.0625	-0.0939	0.2038	0.1870	0.0334	0.0307	0.0236	0.0217	16	25
15.00	-1.35	-5.00	15:32:44	140	28.02	94.81	-0.1383	-0.0579	0.1925	0.1821	0.0320	0.0303	0.0226	0.0214	19	22
15.00	-0.85	-5.00	15:32:55	123	24.72	96.13	-0.1716	-0.0571	0.1726	0.1485	0.0306	0.0264	0.0217	0.0186	19	19
15.00	-0.35	-5.00	15:33:09	93	18.62	88.95	-0.2471	-0.0003	0.1868	0.1491	0.0382	0.0305	0.0270	0.0215	16	19
15.00	0.15	-5.00	15:33:21	117	23.66	92.71	-0.2193	0.0063	0.1766	0.1561	0.0321	0.0284	0.0227	0.0201	16	16
15.00	0.65	-5.00	15:33:34	131	26.78	87.42	-0.1682	0.0176	0.1984	0.1564	0.0341	0.0269	0.0241	0.0190	16	16
15.00	1.15	-5.00	15:33:46	124	24.98	98.32	-0.1303	0.0570	0.1749	0.1581	0.0309	0.0279	0.0219	0.0198	16	16
15.00	1.65	-5.00	15:33:59	122	24.83	95.99	-0.0766	0.0902	0.2139	0.1587	0.0381	0.0283	0.0269	0.0200	12	19
15.00	2.15	-5.00	15:34:11	131	25.96	95.41	-0.0293	0.1505	0.1730	0.1568	0.0297	0.0270	0.0210	0.0191	16	16
15.00	2.65	-5.00	15:34:23	146	29.24	90.33	0.0717	0.1370	0.1827	0.1737	0.0297	0.0283	0.0210	0.0200	16	28
15.00	3.15	-5.00	15:34:36	143	28.74	95.49	0.0828	0.1489	0.1784	0.1423	0.0293	0.0234	0.0208	0.0165	16	22
15.00	3.65	-5.00	15:34:49	136	28.26	92.61	0.1010	0.1562	0.1633	0.1897	0.0275	0.0320	0.0195	0.0226	19	22
15.00	4.65	-5.50	15:35:05	136	27.24	95.83	0.0758	0.2123	0.1957	0.1904	0.0330	0.0321	0.0233	0.0227	19	19
15.00	4.15	-5.50	15:35:17	129	25.93	85.84	0.0680	0.1968	0.1748	0.1834	0.0303	0.0318	0.0214	0.0225	16	16
15.00	3.65	-5.50	15:35:29	134	26.98	94.92	0.1029	0.1602	0.1953	0.1803	0.0332	0.0306	0.0235	0.0217	12	19
15.00	3.15	-5.50	15:35:41	128	26.10	84.78	0.0696	0.1147	0.1730	0.1551	0.0301	0.0270	0.0213	0.0191	12	19
15.00	2.65	-5.50	15:35:54	133	27.57	91.95	0.0303	0.1390	0.1922	0.1704	0.0328	0.0291	0.0232	0.0206	16	22
15.00	2.15	-5.50	15:36:07	125	25.22	95.36	-0.0005	0.1025	0.2228	0.1521	0.0392	0.0268	0.0277	0.0189	16	25
15.00	1.65	-5.50	15:36:19	100	20.53	96.17	-0.0665	0.1080	0.1979	0.1593	0.0390	0.0314	0.0276	0.0222	12	28
15.00	1.15	-5.50	15:36:32	133	27.05	98.57	-0.1026	0.0848	0.2017	0.1499	0.0344	0.0256	0.0243	0.0181	12	22
15.00	0.65	-5.50	15:36:44	118	23.67	88.36	-0.1794	0.0599	0.1947	0.1345	0.0353	0.0244	0.0249	0.0172	9	16
15.00	0.15	-5.50	15:36:57	112	23.04	96.38	-0.1900	0.0026	0.1980	0.1584	0.0368	0.0295	0.0260	0.0208	12	16
15.00	-0.35	-5.50	15:37:11	96	19.52	97.02	-0.2122	-0.0405	0.1805	0.1344	0.0363	0.0270	0.0257	0.0191	16	19
15.00	-0.85	-5.50	15:37:23	126	25.42	94.25	-0.1921	-0.0560	0.1765	0.1418	0.0309	0.0249	0.0219	0.0176	12	19
15.00	-1.35	-5.50	15:37:36	146	29.74	92.90	-0.1358	-0.0680	0.2161	0.1679	0.0352	0.0273	0.0249	0.0193	12	16
15.00	-1.85	-5.50	15:37:48	160	32.56	94.67	-0.0426	-0.1004	0.2069	0.1690	0.0322	0.0263	0.0227	0.0186	12	19
15.00	-2.35	-5.50	15:38:00	147	29.52	96.40	-0.0081	-0.1010	0.2160	0.1859	0.0350	0.0302	0.0248	0.0213	19	22
15.00	-2.85	-5.50	15:38:13	128	25.84	88.65	0.0427	-0.1112	0.2009	0.1875	0.0349	0.0326	0.0247	0.0231	12	22
15.00	-3.35	-5.50	15:38:25	141	28.28	88.29	0.0791	-0.1106	0.2231	0.1928	0.0370	0.0319	0.0261	0.0226	12	19
15.00	-3.85	-5.50	15:38:37	172	34.96	96.00	0.0770	-0.1445	0.2233	0.1879	0.0335	0.0282	0.0237	0.0199	16	16
15.00	-4.35	-5.50	15:38:50	196	39.44	91.31	0.0734	-0.1787	0.2017	0.1777	0.0283	0.0249	0.0200	0.0176	16	25
15.00	-4.85	-5.50	15:39:02	143	28.72	86.53	0.0489	-0.1878	0.2191	0.2069	0.0360	0.0340	0.0255	0.0241	22	22
15.00	-6.85	-6.00	15:39:21	127	25.64	79.80	0.1000	-0.1774	0.2192	0.2485	0.0383	0.0434	0.0271	0.0307	156	38
15.00	-6.35	-6.00	15:39:33	156	31.73	60.40	0.0815	-0.2184	0.1961	0.2431	0.0309	0.0383	0.0218	0.0271	16	38
15.00	-5.85	-6.00	15:39:45	139	27.97	91.12	0.0497	-0.2112	0.2034	0.2322	0.0339	0.0387	0.0240	0.0274	19	60
15.00	-5.35	-6.00	15:39:58	143	29.92	91.69	0.0799	-0.2525	0.2038	0.1909	0.0335	0.0314	0.0237	0.0222	16	38
15.00	-4.85	-6.00	15:40:11	150	30.52	93.96	0.0486	-0.2004	0.1996	0.2020	0.0321	0.0324	0.0227	0.0229	16	41
15.00	-4.35	-6.00	15:40:23	159	32.20	94.74	0.1224	-0.1955	0.2247	0.2008	0.0350	0.0313	0.0248	0.0221	16	32
15.00	-3.85	-6.00	15:40:36	161	32.36	90.98	0.0903	-0.1955	0.2169	0.2107	0.0336	0.0327	0.0238	0.0231	12	25
15.00	-3.35	-6.00	15:40:48	144	29.18	96.10	0.0341	-0.1557	0.2269	0.1921	0.0372	0.0315	0.0263	0.0223	12	16
15.00	-2.85	-6.00	15:41:00	166	33.56	93.57	0.0192	-0.1625	0.2016	0.2057	0.0308	0.0314	0.0217	0.0222	12	19
15.00	-2.35	-6.00	15:41:12	135	26.99	92.89	0.0007	-0.1263	0.2164	0.1636	0.0366	0.0277	0.0259	0.0196	12	19
15.00	-1.85	-6.00	15:41:25	149	30.08	89.65	-0.0553	-0.1220	0.2058	0.1905	0.0332	0.0307	0.0234	0.0217	16	28
15.00	-1.35	-6.00	15:41:37	140	28.35	94.73	-0.0539	-0.0675	0.2314	0.1767	0.0385	0.0294	0.0272	0.0208	16	19
15.00	-0.85	-6.00	15:41:49	147	29.67	94.43	-0.1581	-0.0651	0.2023	0.1512	0.0328	0.0245	0.0232	0.0173	12	16
15.00	-0.35	-6.00	15:42:02	117	23.89	97.59	-0.1643	-0.0284	0.1928	0.1464	0.0351	0.0266	0.0248	0.0188	12	19
15.00	0.15	-6.00	15:42:14	114	22.89	96.93	-0.1578	0.0190	0.2002	0.1567	0.0369	0.0289	0.0261	0.0204	16	16
15.00	0.65	-6.00	15:42:27	121	24.61	96.08	-0.1804	0.0094	0.1871	0.1477	0.0335	0.0264	0.0237	0.0187	12	22
15.00	1.15	-6.00	15:42:40	131	26.42	92.09	-0.0994	0.0879	0.1850	0.1562	0.0318	0.0268	0.0225	0.0190	16	22
15.00	1.65	-6.00	15:42:52	112	23.05	96.09	-0.0981	0.1306	0.1935	0.1769	0.0360	0.0329	0.0255	0.0233	12	19
15.00	2.15	-6.00	15:43:04	121	25.04	93.86	0.0013	0.1345	0.2406	0.1551	0.0430	0.0278	0.0304	0.0196	12	19
15.00	2.65	-6.00	15:43:16	121	24.89	93.44	-0.0159	0.1448	0.2071	0.1745	0.0371	0.0312	0.0262	0.0221	12	19
15.00	3.15	-6.00	15:43:30	150	30.13	91.31	0.0433	0.1505	0.1796	0.1725	0.0288	0.0277	0.0204	0.0196	19	35
15.00	3.65	-6.00	15:43:42	125	25.16	91.30	0.0947	0.1893	0.1740	0.1750	0.0306	0.0308	0.0217	0.0218	12	19
15.00	4.15	-6.00	15:43:54	140	28.18	93.20	0.0666	0.1822	0.2111	0.1938	0.0351	0.0322	0.0248	0.0228	12	22
15.00	4.65	-6.00	15:44:07	92	18.87	91.52	0.0635	0.2257	0.1797	0.1817	0.0369	0.0373	0.0261	0.0264	12	22
15.00	5.15	-6.00	15:44:19	120	24.11	94.09	0.0514	0.2472	0.1870	0.1927	0.0336	0.0346	0.0238	0.0245	16	28
15.00	5.65	-6.00	15:44:31	143	28.59	94.17	0.0522	0.2700	0.1772	0.2171	0.0291	0.0357	0.0206	0.0252	19	25
15.00	6.15	-6.00	15:44:43	147	29.75	91.46	0.0878	0.2306	0.2053	0.2235	0.0333	0.0362	0.0235	0.0256	16	22
15.00	6.65	-6.00	15:44:56	124	25.05	88.17	0.0668	0.2001	0.2014	0.2592	0.0356	0.0458	0.0252	0.0324	16	25
15.00	7.15	-6.00	15:45:09	131	26.09	94.19	0.0972	0.1834	0.1702	0.2146	0.0293	0.0369	0.0207	0.0261	16	22
15.00	7.15	-6.50	15:45:21	130	25.85	92.48	0.0331	0.2361	0.2042	0.2258	0.0352	0.0390	0.0249	0.0276	16	25
15.00	6.65	-6.50	15:45:34	141	28.62	91.81	0.0452	0.2711	0.2047	0.2217	0.0339	0.0367	0.0240	0.0260	16	28
15.00	6.15	-6.50	15:45:47	143	28.27	98.00	0.0511	0.2740	0.1719	0.1760	0.0283	0.0290	0.0200	0.0205	12	19
15.00	5.65	-6.50	15:46:00	149	30.00	95.64	0.0679	0.2557	0.1863	0.1881	0.0300	0.0303	0.0212	0.0214	12	16
15.00	5.15	-6.50	15:46:12	152	30.75	95.64	0.0516	0.2559	0.1960	0.1950	0.0313	0.0311	0.0221	0.0220	16	19
15.00	4.65	-6.50	15:46:24	129	26.34	85.10	0.0575	0.2841	0.2002	0.1671	0.0347	0.0289	0.0245	0.0205	12	19
15.00	4.15	-6.50	15:46:36	117	23.78	97.45	0.0965	0.2387	0.2323	0.1774	0.0423	0.0323	0.0299	0.0228	16	22
15.00	3.65	-6.50	15:46:50	94	19.82	94.98	0.0816	0.2301	0.2368	0.1860	0.0481	0.0378	0.0340	0.0267	12	19
15.00	3.15	-6.50	15:47:02	108	21.90	97.36	0.0267	0.2054	0.2385	0.1523	0.0452	0.0289	0.0320	0.0204	12	19
15.00	2.65	-6.50	15:47:15	138	27.98	97.46	-0.0211	0.1776	0.2147	0.1903	0.0359	0.0319	0.0254	0.0225	12	19
15.00	2.15	-6.50	15:47:27	126	25.19	94.09	-0.0239	0.1379	0.2367	0.1703	0.0415	0.0298	0.0293	0.0211	12	25
15.00	1.65	-6.50	15:47:40	105	21.84	94.00	-0.1057	0.1477	0.2151	0.1956	0.0413	0.0376	0.0292	0.0266	12	19
15.00	1.15	-6.50	15:47:53	126	25.62	90.87	-0.1063	0.1220	0.2047	0.1805	0.0359	0.0316	0.0254	0.0224	12	19
15.00	0.65	-6.50	15:48:06	108	22.03	94.29	-0.1540	0.0925	0.2221	0.1410	0.0421	0.0267	0.0298	0.0189	16	25
15.00	0.15	-6.50	15:48:18	102	20.90	97.02	-0.1561	0.0261	0.2328	0.1703	0.0454	0.0332	0.0321	0.0235	12	22
15.00	-0.35	-6.50	15:48:31	109	22.00	91.23	-0.1920	0.0004	0.1949	0.1414	0.0368	0.0267	0.0260	0.0189	16	22
15.00	-0.85	-6.50	15:48:43	136	27.70	95.04	-0.1504	-0.0432	0.2039	0.1552	0.0344	0.0262	0.0243	0.0185	12	19
15.00	-1.35	-6.50	15:48:55	145	29.67	96.21	-0.1247	-0.1152	0.2278	0.1671	0.0372	0.0273	0.0263	0.0193	12	16
15.00	-1.85	-6.50	15:49:07	136	28.94	92.77	-0.0362	-0.1401	0.2468	0.1844	0.0416	0.0311	0.0294	0.0220	16	19
15.00	-2.35	-6.50	15:49:20	151	30.29	94.44	0.0249	-0.1644	0.2410	0.1871	0.0386	0.0299	0.0273	0.0212	12	16
15.00	-2.85	-6.50	15:49:32	141	28.73	89.25	-0.0149	-0.1673	0.2063	0.2036	0.0342	0.0337	0.0242	0.0238	12	22
15.00	-3.35	-6.50	15:49:44	133	26.99	89.72	0.0231	-0.1886	0.2403	0.1860	0.0410	0.0317	0.0290	0.0224	12	22
15.00	-3.85	-6.50	15:49:56	119	24.12	94.55	0.0620	-0.2414	0.2248	0.2010	0.0406	0.0363	0.0287	0.0256	12	19
15.00	-4.35	-6.50	15:50:09	148	29.92	91.50	0.0868	-0.1882	0.2244	0.2059	0.0363	0.0333	0.0257	0.0235	16	22
15.00	-4.85	-6.50	15:50:22	159	32.02	92.04	0.0577	-0.2008	0.2120	0.2112	0.0331	0.0329	0.0234	0.0233	12	16
15.00	-5.35	-6.50	15:50:34	129	26.15	94.61	0.0918	-0.2421	0.2137	0.1793	0.0370	0.0311	0.0262	0.0220	12	16
15.00	-5.85	-6.50	15:50:46	159	32.01	90.96	0.0301	-0.2712	0.2109	0.2059	0.0329	0.0321	0.0233	0.0227	16	19
15.00	-6.35	-6.50	15:50:59	168	34.23	91.90	0.0502	-0.2552	0.1952	0.1989	0.0296	0.0302	0.0209	0.0213	16	16
15.00	-6.85	-6.50	15:51:11	138	27.07	94.80	0.0411	-0.2270	0.1996	0.2284	0.0334	0.0382	0.0236	0.0270	16	22
15.00	-6.85	-7.00	15:51:23	141	28.56	92.72	0.0080	-0.2920	0.2207	0.1912	0.0366	0.0317	0.0259	0.0224	16	19
15.00	-6.35	-7.00	15:51:35	145	29.28	89.73	0.0220	-0.2851	0.2057	0.1878	0.0336	0.0307	0.0238	0.0217	16	19
15.00	-5.85	-7.00	15:51:48	159	31.82	92.63	0.0143	-0.2779	0.2197	0.2221	0.0343	0.0346	0.0242	0.0245	16	19
15.00	-5.35	-7.00	15:52:00	137	27.65	95.79	0.0865	-0.2670	0.2427	0.2112	0.0408	0.0355	0.0288	0.0251	16	22
15.00	-4.85	-7.00	15:52:12	173	34.85	93.61	0.0329	-0.2989	0.2431	0.2099	0.0363	0.0314	0.0257	0.0222	16	28
15.00	-4.35	-7.00	15:52:24	149	29.85	90.96	0.0475	-0.2549	0.2656	0.2210	0.0428	0.0356	0.0303	0.0252	12	19
15.00	-3.85	-7.00	15:52:37	123	24.70	93.68	0.0542	-0.2600	0.2574	0.2085	0.0457	0.0370	0.0323	0.0262	12	19
15.00	-3.35	-7.00	15:52:51	151	30.31	92.81	0.0350	-0.2334	0.2443	0.2246	0.0391	0.0359	0.0276	0.0254	12	19
15.00	-2.85	-7.00	15:53:03	150	31.20	71.10	-0.0222	-0.2452	0.2428	0.2018	0.0390	0.0324	0.0276	0.0229	16	19
15.00	-2.35	-7.00	15:53:15	116	23.69	92.51	0.0051	-0.1728	0.2363	0.1896	0.0432	0.0347	0.0305	0.0245	12	25
15.00	-1.85	-7.00	15:53:27	165	33.59	95.60	-0.0207	-0.1714	0.2355	0.2043	0.0360	0.0313	0.0255	0.0221	12	22
15.00	-1.35	-7.00	15:53:40	151	30.72	95.18	-0.0972	-0.1292	0.2313	0.1817	0.0370	0.0291	0.0262	0.0206	12	25
15.00	-0.85	-7.00	15:53:52	124	25.21	96.62	-0.1141	-0.1053	0.2638	0.1674	0.0466	0.0296	0.0330	0.0209	19	28
15.00	-0.35	-7.00	15:54:05	119	23.89	94.56	-0.1756	-0.0288	0.2299	0.1785	0.0415	0.0322	0.0293	0.0228	16	32
15.00	0.15	-7.00	15:54:17	102	20.85	92.49	-0.1399	0.0165	0.2632	0.1593	0.0513	0.0311	0.0363	0.0220	12	28
15.00	0.65	-7.00	15:54:30	103	21.21	94.93	-0.1114	0.1151	0.2604	0.1632	0.0505	0.0317	0.0357	0.0224	16	22
15.00	1.15	-7.00	15:54:42	105	21.10	96.83	-0.0661	0.1183	0.2470	0.1692	0.0475	0.0325	0.0336	0.0230	12	19
15.00	1.65	-7.00	15:54:55	112	22.85	90.00	-0.0211	0.1368	0.2176	0.1858	0.0405	0.0346	0.0286	0.0244	16	35
15.00	2.15	-7.00	15:55:07	100	20.52	95.56	-0.0313	0.2057	0.2155	0.1402	0.0425	0.0276	0.0300	0.0195	12	19
15.00	2.65	-7.00	15:55:19	140	28.66	98.54	0.0096	0.2133	0.2461	0.1737	0.0409	0.0289	0.0289	0.0204	16	19
15.00	3.15	-7.00	15:55:32	106	21.43	89.64	0.0663	0.2487	0.2654	0.1975	0.0508	0.0378	0.0359	0.0267	16	16
15.00	3.65	-7.00	15:55:44	102	20.65	90.20	0.0655	0.2911	0.2277	0.1644	0.0444	0.0321	0.0314	0.0227	12	25
15.00	4.15	-7.00	15:55:57	124	25.32	93.83	0.0271	0.2680	0.2387	0.1851	0.0422	0.0327	0.0298	0.0231	12	25
15.00	4.65	-7.00	15:56:10	118	23.80	91.85	0.0429	0.2404	0.2176	0.2064	0.0394	0.0374	0.0279	0.0264	12	25
15.00	5.15	-7.00	15:56:22	143	28.92	88.84	0.0251	0.2484	0.2025	0.1705	0.0333	0.0280	0.0236	0.0198	12	22
15.00	5.65	-7.00	15:56:34	136	27.34	96.91	0.0116	0.2747	0.2175	0.1735	0.0367	0.0293	0.0259	0.0207	22	25
15.00	6.15	-7.00	15:56:46	107	21.56	92.18	0.0359	0.2763	0.1820	0.1770	0.0347	0.0337	0.0245	0.0238	16	19
15.00	6.65	-7.00	15:57:00	118	23.84	94.86	-0.0047	0.2771	0.2065	0.1760	0.0374	0.0319	0.0265	0.0226	16	19
15.00	7.15	-7.00	15:57:12	129	26.20	94.38	-0.0056	0.2773	0.2167	0.1784	0.0375	0.0309	0.0265	0.0219	19	22
15.00	7.15	-7.50	15:57:25	120	24.45	88.81	-0.0419	0.2613	0.2135	0.1964	0.0384	0.0353	0.0271	0.0250	19	16
15.00	6.65	-7.50	15:57:37	120	24.17	95.60	0.0207	0.2711	0.2111	0.1966	0.0379	0.0353	0.0268	0.0250	16	19
15.00	6.15	-7.50	15:57:50	105	21.71	93.22	-0.0258	0.2878	0.1948	0.1980	0.0374	0.0380	0.0265	0.0269	19	19
15.00	5.65	-7.50	15:58:03	134	27.32	94.29	0.0106	0.2624	0.2258	0.2118	0.0384	0.0360	0.0271	0.0255	16	25
15.00	5.15	-7.50	15:58:16	124	25.53	95.53	0.0100	0.2726	0.2280	0.1958	0.0403	0.0346	0.0285	0.0245	12	25
15.00	4.65	-7.50	15:58:28	133	26.85	93.04	0.0187	0.2544	0.2426	0.2118	0.0414	0.0361	0.0293	0.0256	12	28
15.00	4.15	-7.50	15:58:40	145	29.36	95.55	0.0400	0.2826	0.2470	0.2168	0.0403	0.0354	0.0285	0.0250	12	48
15.00	3.65	-7.50	15:58:53	122	24.81	95.19	0.0362	0.2696	0.2314	0.2164	0.0412	0.0386	0.0292	0.0273	12	28
15.00	3.15	-7.50	15:59:06	121	24.52	93.66	0.0080	0.2679	0.2179	0.1823	0.0390	0.0326	0.0276	0.0231	12	16
15.00	2.65	-7.50	15:59:18	127	25.69	98.82	0.0512	0.2378	0.2434	0.1877	0.0425	0.0328	0.0301	0.0232	12	22
15.00	2.15	-7.50	15:59:31	128	26.43	95.35	0.0311	0.2277	0.2458	0.1860	0.0428	0.0323	0.0302	0.0229	12	22
15.00	1.65	-7.50	15:59:44	110	22.15	97.02	0.0065	0.2161	0.2255	0.1893	0.0423	0.0355	0.0299	0.0251	12	22
15.00	1.15	-7.50	15:59:56	108	21.96	91.18	-0.0235	0.1674	0.2697	0.1896	0.0511	0.0359	0.0361	0.0254	12	19
15.00	0.65	-7.50	16:00:08	83	17.04	80.73	-0.0288	0.1093	0.3228	0.1328	0.0699	0.0288	0.0494	0.0203	12	19
15.00	0.15	-7.50	16:00:21	88	18.12	93.56	0.0253	0.0583	0.2724	0.1750	0.0572	0.0368	0.0405	0.0260	16	28
15.00	-0.35	-7.50	16:00:33	101	21.01	95.31	-0.0691	-0.0369	0.3182	0.1643	0.0624	0.0322	0.0441	0.0228	12	35
15.00	-0.85	-7.50	16:00:46	140	28.45	94.93	-0.0578	-0.1355	0.2779	0.1571	0.0462	0.0261	0.0327	0.0185	19	28
15.00	-1.35	-7.50	16:00:58	136	27.69	96.38	-0.0511	-0.1742	0.2697	0.1849	0.0455	0.0312	0.0322	0.0221	12	25
15.00	-1.85	-7.50	16:01:12	147	29.66	89.73	0.0328	-0.2166	0.2909	0.1965	0.0472	0.0319	0.0334	0.0225	9	19
15.00	-2.35	-7.50	16:01:24	120	24.12	96.21	0.0034	-0.2458	0.2484	0.1824	0.0446	0.0328	0.0316	0.0232	12	28
15.00	-2.85	-7.50	16:01:37	127	25.54	90.06	0.0735	-0.2538	0.2273	0.1805	0.0397	0.0315	0.0281	0.0223	12	19
15.00	-3.35	-7.50	16:01:49	160	32.08	90.96	0.0485	-0.2906	0.2423	0.1880	0.0377	0.0292	0.0266	0.0207	12	16
15.00	-3.85	-7.50	16:02:02	137	28.30	94.77	-0.0006	-0.3232	0.2579	0.2040	0.0433	0.0343	0.0307	0.0242	12	19
15.00	-4.35	-7.50	16:02:14	146	30.02	78.86	0.0299	-0.2709	0.2709	0.2026	0.0441	0.0330	0.0312	0.0233	12	22
15.00	-4.85	-7.50	16:02:26	154	31.20	78.99	-0.0088	-0.3160	0.2378	0.1911	0.0377	0.0303	0.0266	0.0214	16	28
15.00	-5.35	-7.50	16:02:38	133	27.97	83.61	-0.0203	-0.2931	0.2446	0.2324	0.0417	0.0396	0.0295	0.0280	12	19
15.00	-5.85	-7.50	16:02:50	167	33.78	94.54	-0.0011	-0.2470	0.2133	0.2198	0.0325	0.0334	0.0229	0.0236	16	19
15.00	-6.35	-7.50	16:03:02	160	32.13	89.97	0.0331	-0.2918	0.2467	0.1912	0.0384	0.0297	0.0271	0.0210	16	19
15.00	-6.85	-7.50	16:03:15	171	34.86	95.34	-0.0177	-0.2982	0.2292	0.1771	0.0345	0.0266	0.0244	0.0188	16	19
15.00	-6.85	-8.00	16:03:28	132	26.44	93.16	-0.0225	-0.3043	0.2257	0.1840	0.0387	0.0315	0.0273	0.0223	16	19
15.00	-6.35	-8.00	16:03:40	158	31.99	93.58	-0.0332	-0.2831	0.1908	0.1918	0.0299	0.0300	0.0211	0.0212	16	22
15.00	-5.85	-8.00	16:03:52	153	30.88	90.91	-0.0192	-0.2499	0.2018	0.2106	0.0321	0.0335	0.0227	0.0237	12	19
15.00	-5.35	-8.00	16:04:04	148	29.19	86.42	-0.0289	-0.2326	0.2214	0.1980	0.0358	0.0320	0.0253	0.0226	16	19
15.00	-4.85	-8.00	16:04:16	149	30.14	92.81	-0.0416	-0.2879	0.2452	0.2167	0.0395	0.0349	0.0279	0.0247	12	19
15.00	-4.35	-8.00	16:04:30	139	28.40	91.84	-0.0450	-0.2743	0.2614	0.2315	0.0436	0.0386	0.0308	0.0273	16	25
15.00	-3.85	-8.00	16:04:41	132	27.27	94.96	0.0210	-0.2698	0.2219	0.2048	0.0380	0.0351	0.0269	0.0248	12	19
15.00	-3.35	-8.00	16:04:54	144	29.15	92.16	0.0313	-0.2817	0.2600	0.2055	0.0426	0.0337	0.0301	0.0238	16	22
15.00	-2.85	-8.00	16:05:06	126	25.66	93.64	0.0370	-0.2368	0.2196	0.2038	0.0385	0.0357	0.0272	0.0253	12	22
15.00	-2.35	-8.00	16:05:18	116	23.33	95.22	0.0552	-0.2498	0.2207	0.1996	0.0403	0.0365	0.0285	0.0258	12	16
15.00	-1.85	-8.00	16:05:30	139	27.93	94.10	0.0676	-0.2267	0.2581	0.2046	0.0431	0.0341	0.0305	0.0241	16	25
15.00	-1.35	-8.00	16:05:43	93	18.79	95.37	-0.0224	-0.2051	0.2612	0.1549	0.0534	0.0316	0.0377	0.0224	16	22
15.00	-0.85	-8.00	16:05:55	126	25.30	97.04	0.0627	-0.0987	0.2617	0.1793	0.0459	0.0314	0.0324	0.0222	16	25
15.00	-0.35	-8.00	16:06:08	114	22.91	87.55	0.0344	-0.0461	0.2899	0.1782	0.0535	0.0328	0.0378	0.0232	16	25
15.00	0.15	-8.00	16:06:21	102	20.71	95.29	0.0372	0.0197	0.2942	0.1875	0.0574	0.0366	0.0406	0.0259	16	19
15.00	0.65	-8.00	16:06:33	104	21.27	95.24	0.0185	0.1202	0.2675	0.1984	0.0517	0.0383	0.0365	0.0271	12	16
15.00	1.15	-8.00	16:06:46	115	23.13	91.38	0.0357	0.1732	0.2517	0.1650	0.0462	0.0303	0.0327	0.0214	12	19
15.00	1.65	-8.00	16:06:58	107	21.61	94.79	0.0524	0.2042	0.2529	0.1630	0.0482	0.0310	0.0341	0.0219	12	22
15.00	2.15	-8.00	16:07:10	103	21.06	91.84	0.0067	0.2683	0.2643	0.1828	0.0513	0.0355	0.0363	0.0251	16	22
15.00	2.65	-8.00	16:07:23	133	26.82	81.08	0.0397	0.2290	0.2362	0.1996	0.0403	0.0341	0.0285	0.0241	12	22
15.00	3.15	-8.00	16:07:35	130	26.75	91.34	0.0134	0.2702	0.2436	0.1936	0.0420	0.0334	0.0297	0.0236	12	16
15.00	3.65	-8.00	16:07:47	142	28.57	96.12	-0.0027	0.2629	0.2589	0.2323	0.0427	0.0383	0.0302	0.0271	16	19
15.00	4.15	-8.00	16:08:00	131	26.86	88.30	-0.0151	0.2304	0.2367	0.2131	0.0407	0.0366	0.0288	0.0259	12	19
15.00	4.65	-8.00	16:08:12	108	21.57	86.73	-0.0360	0.2605	0.2121	0.2184	0.0402	0.0414	0.0284	0.0293	12	19
15.00	5.15	-8.00	16:08:24	135	27.53	94.71	0.0018	0.2770	0.2349	0.2074	0.0398	0.0351	0.0281	0.0248	16	19
15.00	5.65	-8.00	16:08:36	137	28.17	93.03	0.0011	0.2683	0.2052	0.1891	0.0345	0.0318	0.0244	0.0225	16	19
15.00	6.15	-8.00	16:08:49	145	29.08	96.61	-0.0062	0.2899	0.1912	0.1960	0.0312	0.0320	0.0221	0.0226	16	19
15.00	6.65	-8.00	16:09:02	119	23.85	88.19	-0.0006	0.2264	0.2054	0.2221	0.0371	0.0401	0.0262	0.0283	16	22
15.00	7.15	-8.00	16:09:14	131	26.73	88.91	-0.0281	0.1869	0.2093	0.2301	0.0360	0.0396	0.0254	0.0280	16	32
15.00	6.15	-8.50	16:09:28	126	25.93	73.00	-0.0122	0.2347	0.2259	0.2290	0.0396	0.0401	0.0280	0.0284	12	19
15.00	5.65	-8.50	16:09:40	117	23.66	84.98	-0.0131	0.2600	0.2168	0.2143	0.0395	0.0390	0.0279	0.0276	16	28
15.00	5.15	-8.50	16:09:52	133	28.46	93.98	-0.0183	0.2926	0.1948	0.2066	0.0332	0.0352	0.0235	0.0249	16	28
15.00	4.65	-8.50	16:10:05	127	25.78	87.82	-0.0495	0.2454	0.2360	0.2207	0.0412	0.0385	0.0291	0.0273	16	22
15.00	4.15	-8.50	16:10:18	139	28.23	95.68	-0.0411	0.2474	0.2237	0.2040	0.0373	0.0340	0.0264	0.0241	12	19
15.00	3.65	-8.50	16:10:30	136	27.78	87.06	-0.0359	0.2400	0.2270	0.2175	0.0383	0.0367	0.0271	0.0259	12	19
15.00	3.15	-8.50	16:10:43	123	24.03	72.49	0.0193	0.2418	0.2162	0.2334	0.0384	0.0414	0.0271	0.0293	16	22
15.00	2.65	-8.50	16:10:55	126	25.74	96.03	0.0458	0.2237	0.2391	0.2203	0.0419	0.0386	0.0296	0.0273	12	19
15.00	2.15	-8.50	16:11:08	106	22.87	85.07	0.0184	0.2049	0.2090	0.2028	0.0400	0.0388	0.0283	0.0274	12	19
15.00	1.65	-8.50	16:11:20	105	21.52	96.26	0.0385	0.1991	0.2530	0.1954	0.0486	0.0376	0.0344	0.0266	12	19
15.00	1.15	-8.50	16:11:32	113	23.18	92.31	0.0685	0.1807	0.2323	0.1777	0.0430	0.0329	0.0304	0.0233	12	16
15.00	0.65	-8.50	16:11:44	81	16.83	90.71	0.0385	0.1019	0.2689	0.1854	0.0589	0.0406	0.0417	0.0287	16	16
15.00	0.15	-8.50	16:11:58	70	14.12	93.86	0.1301	0.0843	0.2375	0.1590	0.0560	0.0375	0.0396	0.0265	16	22
15.00	-0.35	-8.50	16:12:10	129	26.15	92.61	0.1375	-0.0251	0.2639	0.1620	0.0457	0.0281	0.0323	0.0198	12	19
15.00	-0.85	-8.50	16:12:22	115	23.00	87.97	0.1040	-0.1034	0.2428	0.1977	0.0446	0.0363	0.0315	0.0257	12	16
15.00	-1.35	-8.50	16:12:35	122	24.74	77.54	0.0810	-0.1363	0.2662	0.1768	0.0474	0.0315	0.0335	0.0223	12	16
15.00	-1.85	-8.50	16:12:48	86	17.98	94.80	0.0476	-0.1820	0.2539	0.1859	0.0540	0.0395	0.0382	0.0279	12	16
15.00	-2.35	-8.50	16:13:00	114	22.92	95.62	0.0462	-0.1981	0.2740	0.2006	0.0505	0.0370	0.0357	0.0262	12	16
15.00	-2.85	-8.50	16:13:13	131	26.26	89.14	0.0572	-0.2374	0.2594	0.2010	0.0446	0.0346	0.0315	0.0244	12	16
15.00	-3.35	-8.50	16:13:26	121	24.23	89.43	0.0105	-0.2541	0.2704	0.2194	0.0484	0.0393	0.0342	0.0278	12	16
15.00	-3.85	-8.50	16:13:38	171	34.50	93.87	-0.0087	-0.2305	0.2384	0.2353	0.0358	0.0354	0.0253	0.0250	12	25
15.00	-4.35	-8.50	16:13:51	153	31.44	81.15	-0.0447	-0.2044	0.2511	0.2200	0.0399	0.0350	0.0282	0.0247	12	22
15.00	-4.85	-8.50	16:14:03	155	31.62	94.20	-0.0658	-0.2891	0.2294	0.2046	0.0362	0.0323	0.0256	0.0229	12	28
15.00	-5.35	-8.50	16:14:15	156	31.56	91.32	-0.0472	-0.2768	0.2053	0.1872	0.0323	0.0295	0.0229	0.0208	16	28
15.00	-5.85	-8.50	16:14:27	176	35.46	92.19	-0.0121	-0.2946	0.2055	0.1778	0.0304	0.0263	0.0215	0.0186	22	38
15.00	-3.85	-9.00	16:14:46	160	32.83	75.62	-0.0229	-0.2141	0.2313	0.2049	0.0360	0.0319	0.0254	0.0225	12	16
15.00	-3.35	-9.00	16:14:59	135	28.26	83.16	0.0020	-0.1916	0.2358	0.2171	0.0399	0.0368	0.0282	0.0260	12	22
15.00	-2.85	-9.00	16:15:11	146	29.58	88.33	0.0113	-0.1770	0.2336	0.2143	0.0380	0.0349	0.0269	0.0247	16	19
15.00	-2.35	-9.00	16:15:24	105	21.63	92.66	0.0503	-0.1505	0.2430	0.2055	0.0467	0.0395	0.0330	0.0279	16	19
15.00	-1.85	-9.00	16:15:36	91	18.36	89.44	0.1178	-0.1465	0.2092	0.2198	0.0432	0.0454	0.0306	0.0321	16	19
15.00	-1.35	-9.00	16:15:49	115	23.31	96.12	0.0983	-0.1217	0.2816	0.1825	0.0517	0.0335	0.0366	0.0237	16	19
15.00	-0.85	-9.00	16:16:01	132	27.06	94.26	0.1432	-0.0645	0.2217	0.1590	0.0380	0.0272	0.0268	0.0192	16	16
15.00	-0.35	-9.00	16:16:13	121	24.38	95.14	0.1510	0.0158	0.2593	0.1667	0.0464	0.0298	0.0328	0.0211	12	12
15.00	0.15	-9.00	16:16:26	93	19.16	99.35	0.1711	0.0220	0.2048	0.1350	0.0419	0.0276	0.0296	0.0195	16	19
15.00	0.65	-9.00	16:16:38	107	22.01	94.10	0.1083	0.0506	0.2295	0.1932	0.0437	0.0368	0.0309	0.0260	12	19
15.00	1.15	-9.00	16:16:50	114	23.43	97.02	0.0928	0.1138	0.2314	0.1677	0.0427	0.0309	0.0302	0.0219	12	12
15.00	1.65	-9.00	16:17:04	108	22.69	95.46	0.0712	0.1360	0.2554	0.1862	0.0484	0.0353	0.0342	0.0249	12	22
15.00	2.15	-9.00	16:17:15	114	23.08	91.99	0.0052	0.1846	0.2490	0.2167	0.0459	0.0400	0.0325	0.0283	16	19
15.00	2.65	-9.00	16:17:28	129	26.08	92.90	-0.0085	0.1809	0.2279	0.2228	0.0395	0.0386	0.0279	0.0273	12	19
15.00	3.15	-9.00	16:17:41	184	36.74	96.86	-0.0894	0.1703	0.2547	0.1999	0.0369	0.0290	0.0261	0.0205	16	19
15.00	3.65	-9.00	16:17:53	137	28.13	94.88	-0.0407	0.2120	0.2041	0.2108	0.0343	0.0354	0.0243	0.0251	16	19
15.00	4.15	-9.00	16:18:05	117	24.24	92.76	-0.0410	0.2264	0.1999	0.1956	0.0364	0.0356	0.0257	0.0252	25	16
15.00	3.65	-9.50	16:18:17	132	26.95	96.83	-0.0662	0.2426	0.1873	0.1743	0.0321	0.0298	0.0227	0.0211	16	16
15.00	3.15	-9.50	16:18:29	125	25.05	95.29	-0.0621	0.1749	0.1989	0.1968	0.0350	0.0346	0.0248	0.0245	16	16
15.00	2.65	-9.50	16:18:41	92	18.51	91.98	-0.0620	0.1391	0.2407	0.2020	0.0495	0.0415	0.0350	0.0293	16	25
15.00	2.15	-9.50	16:18:54	90	18.20	92.54	-0.0339	0.1396	0.2305	0.1989	0.0479	0.0413	0.0339	0.0292	19	19
15.00	1.65	-9.50	16:19:07	100	20.54	93.46	0.0845	0.0973	0.2476	0.1915	0.0488	0.0377	0.0345	0.0267	12	19
15.00	1.15	-9.50	16:19:19	102	20.91	96.33	0.1375	0.1082	0.2203	0.1735	0.0430	0.0338	0.0304	0.0239	16	16
15.00	0.65	-9.50	16:19:31	97	20.13	98.66	0.1661	0.0712	0.1839	0.1512	0.0368	0.0302	0.0260	0.0214	12	16
15.00	0.15	-9.50	16:19:44	97	20.18	96.29	0.1904	0.0785	0.1973	0.1432	0.0395	0.0286	0.0279	0.0203	16	22
15.00	-0.35	-9.50	16:19:57	113	22.78	94.87	0.2104	-0.0155	0.1956	0.1628	0.0362	0.0301	0.0256	0.0213	12	19
15.00	-0.85	-9.50	16:20:09	123	25.01	98.89	0.1779	-0.0672	0.1984	0.1261	0.0352	0.0224	0.0249	0.0158	16	16
15.00	-1.35	-9.50	16:20:21	105	21.62	94.61	0.1363	-0.1181	0.2083	0.1443	0.0400	0.0277	0.0283	0.0196	12	16
15.00	-1.85	-9.50	16:20:34	125	25.41	97.92	0.0661	-0.1212	0.2587	0.2060	0.0455	0.0363	0.0322	0.0256	12	16
15.00	-2.35	-9.50	16:20:46	104	21.00	83.22	0.0699	-0.1258	0.2272	0.2154	0.0439	0.0416	0.0310	0.0294	16	16
15.00	-2.85	-9.50	16:20:59	115	23.59	93.74	0.0245	-0.1965	0.2225	0.2270	0.0408	0.0417	0.0289	0.0295	16	19
15.00	-3.35	-9.50	16:21:12	108	21.74	92.46	0.0036	-0.2014	0.2202	0.2166	0.0417	0.0410	0.0295	0.0290	16	16
15.00	-2.85	-10.00	16:21:24	113	22.72	85.32	-0.0360	-0.1762	0.2033	0.1776	0.0377	0.0329	0.0266	0.0233	19	19
15.00	-2.35	-10.00	16:21:37	99	20.01	93.18	0.0080	-0.1657	0.2394	0.1741	0.0474	0.0345	0.0335	0.0244	16	16
15.00	-1.85	-10.00	16:21:50	92	19.18	93.01	0.0861	-0.1052	0.1941	0.1677	0.0399	0.0345	0.0282	0.0244	12	16
15.00	-1.35	-10.00	16:22:02	86	17.51	96.50	0.1828	-0.0943	0.1914	0.1475	0.0407	0.0314	0.0288	0.0222	16	19
15.00	-0.85	-10.00	16:22:14	127	25.59	98.35	0.1955	-0.0626	0.1666	0.1480	0.0291	0.0258	0.0206	0.0183	12	16
15.00	-0.35	-10.00	16:22:26	129	25.92	95.81	0.2174	-0.0148	0.1704	0.1393	0.0295	0.0241	0.0209	0.0171	19	16
15.00	0.15	-10.00	16:22:39	95	19.48	90.42	0.2264	0.0407	0.1945	0.1522	0.0393	0.0308	0.0278	0.0217	19	12
15.00	0.65	-10.00	16:22:51	101	20.40	97.89	0.1744	0.0501	0.2132	0.1533	0.0418	0.0300	0.0296	0.0212	12	16
15.00	1.15	-10.00	16:23:03	99	20.59	92.59	0.1586	0.1236	0.2329	0.1431	0.0461	0.0283	0.0326	0.0200	16	19
15.00	1.65	-10.00	16:23:16	103	20.78	94.84	0.0783	0.0923	0.2349	0.1688	0.0456	0.0328	0.0322	0.0232	16	22
15.00	2.15	-10.00	16:23:30	118	24.75	96.89	0.0123	0.1521	0.2106	0.1910	0.0382	0.0346	0.0270	0.0245	16	16
15.00	2.65	-10.00	16:23:43	105	21.19	95.85	-0.0360	0.1490	0.2254	0.2002	0.0433	0.0385	0.0306	0.0272	12	22
15.00	2.65	-10.50	16:23:56	106	21.21	94.33	-0.0636	0.0934	0.2130	0.2152	0.0407	0.0412	0.0288	0.0291	16	25
15.00	2.15	-10.50	16:24:09	100	20.31	92.69	0.0014	0.1867	0.2132	0.1450	0.0420	0.0286	0.0297	0.0202	19	22
15.00	1.65	-10.50	16:24:23	119	24.63	97.60	0.0490	0.1347	0.2139	0.1566	0.0386	0.0283	0.0273	0.0200	12	16
15.00	1.15	-10.50	16:24:36	120	23.69	97.13	0.1329	0.1043	0.1605	0.1467	0.0288	0.0264	0.0204	0.0186	16	22
15.00	0.65	-10.50	16:24:50	82	16.78	95.26	0.1973	0.0350	0.1677	0.1596	0.0365	0.0348	0.0258	0.0246	12	19
15.00	0.15	-10.50	16:25:02	118	23.74	96.91	0.2701	0.0236	0.1988	0.1343	0.0360	0.0243	0.0255	0.0172	12	12
15.00	-0.35	-10.50	16:25:15	108	22.27	94.74	0.2308	0.0036	0.1942	0.1638	0.0368	0.0310	0.0260	0.0219	12	16
15.00	-0.85	-10.50	16:25:27	99	19.56	96.95	0.2065	-0.0409	0.1688	0.1559	0.0334	0.0309	0.0236	0.0218	16	19
15.00	-1.35	-10.50	16:25:40	79	16.28	92.83	0.1435	-0.0720	0.1961	0.1533	0.0435	0.0340	0.0308	0.0241	12	16
15.00	-1.85	-10.50	16:25:52	60	12.38	87.71	0.1015	-0.1348	0.1912	0.1568	0.0488	0.0400	0.0345	0.0283	16	22
15.00	-2.35	-10.50	16:26:04	101	20.49	92.03	0.0651	-0.1637	0.1942	0.1554	0.0381	0.0305	0.0269	0.0215	16	19
15.00	-1.85	-11.00	16:26:16	40	8.56	91.13	0.0856	-0.1358	0.2066	0.1766	0.0648	0.0554	0.0458	0.0392	12	19
15.00	-1.35	-11.00	16:26:30	62	12.67	98.95	0.1962	-0.0660	0.1413	0.1465	0.0355	0.0368	0.0251	0.0260	16	19
15.00	-0.85	-11.00	16:26:42	88	17.63	91.21	0.2641	-0.0420	0.1765	0.1588	0.0371	0.0334	0.0262	0.0236	16	19
15.00	-0.35	-11.00	16:26:54	148	30.28	96.08	0.3209	-0.0244	0.1914	0.1508	0.0309	0.0244	0.0219	0.0172	16	16
15.00	0.15	-11.00	16:27:06	126	25.38	95.04	0.2777	0.0113	0.1824	0.1660	0.0320	0.0291	0.0226	0.0206	12	16
15.00	0.65	-11.00	16:27:19	66	13.45	91.63	0.2290	0.0417	0.1673	0.1653	0.0407	0.0402	0.0288	0.0284	12	16
15.00	1.15	-11.00	16:27:32	85	17.56	90.24	0.1851	0.1069	0.1840	0.1744	0.0394	0.0373	0.0278	0.0264	19	22
15.00	1.65	-11.00	16:27:44	110	22.42	92.51	0.0739	0.1196	0.1792	0.1588	0.0336	0.0298	0.0238	0.0211	16	19
15.00	2.15	-11.00	16:27:56	98	20.05	88.66	0.0406	0.1113	0.2001	0.1679	0.0398	0.0334	0.0282	0.0236	16	16
15.00	1.65	-11.50	16:28:09	105	21.41	97.21	0.0994	0.1106	0.1950	0.1894	0.0375	0.0364	0.0265	0.0257	16	19
15.00	1.15	-11.50	16:28:21	109	22.05	95.56	0.1620	0.0689	0.1784	0.1522	0.0336	0.0287	0.0238	0.0203	19	12
15.00	0.65	-11.50	16:28:34	75	15.59	90.87	0.2476	0.0744	0.1879	0.1639	0.0428	0.0373	0.0303	0.0264	12	19
15.00	0.15	-11.50	16:28:46	119	24.70	93.94	0.2819	0.0077	0.1881	0.1458	0.0339	0.0263	0.0240	0.0186	19	19
15.00	-0.35	-11.50	16:28:59	132	27.15	89.53	0.2536	-0.0377	0.1824	0.1716	0.0312	0.0294	0.0221	0.0208	16	19
15.00	-0.85	-11.50	16:29:12	85	17.41	76.82	0.2313	-0.0567	0.1561	0.1557	0.0334	0.0333	0.0236	0.0235	19	16
15.00	-1.35	-11.50	16:29:24	40	8.85	98.57	0.2348	-0.0830	0.1550	0.1583	0.0487	0.0497	0.0344	0.0351	16	19
15.00	-1.85	-11.50	16:29:36	35	7.14	98.21	0.1351	-0.1475	0.1729	0.1860	0.0581	0.0625	0.0411	0.0442	12	22
15.00	-1.35	-12.00	16:29:48	76	15.58	84.77	0.1866	-0.0697	0.1974	0.1554	0.0447	0.0352	0.0316	0.0249	16	19
15.00	-0.85	-12.00	16:30:01	135	27.87	93.51	0.2621	-0.0291	0.1809	0.1523	0.0306	0.0258	0.0217	0.0182	16	19
15.00	-0.35	-12.00	16:30:14	160	32.39	91.28	0.2764	0.0032	0.2054	0.1661	0.0319	0.0258	0.0226	0.0183	12	16
15.00	0.15	-12.00	16:30:27	120	24.62	72.70	0.2700	0.0372	0.2279	0.1592	0.0409	0.0286	0.0290	0.0202	12	16
15.00	0.65	-12.00	16:30:39	65	13.36	97.56	0.2372	0.0854	0.1652	0.1853	0.0405	0.0454	0.0286	0.0321	12	16
15.00	1.15	-12.00	16:30:52	99	21.37	94.38	0.1709	0.0785	0.1743	0.1376	0.0345	0.0272	0.0244	0.0193	16	16
15.00	1.65	-12.00	16:31:04	117	23.82	86.05	0.0838	0.0978	0.1856	0.1678	0.0338	0.0305	0.0239	0.0216	22	25
15.00	1.15	-12.50	16:31:16	101	20.27	94.17	0.1039	0.0766	0.1823	0.1608	0.0357	0.0315	0.0253	0.0223	16	19
15.00	0.65	-12.50	16:31:28	70	14.40	93.59	0.2267	0.0801	0.1955	0.1367	0.0461	0.0323	0.0326	0.0228	12	22
15.00	0.15	-12.50	16:31:40	128	25.28	79.36	0.2713	0.0039	0.1805	0.1525	0.0314	0.0265	0.0222	0.0188	12	19
15.00	-0.35	-12.50	16:31:54	146	29.99	95.83	0.2716	0.0149	0.1980	0.1667	0.0322	0.0271	0.0228	0.0192	12	28
15.00	-0.85	-12.50	16:32:06	127	25.54	95.75	0.2442	-0.0264	0.1822	0.1681	0.0318	0.0294	0.0225	0.0208	12	28
15.00	-1.35	-12.50	16:32:19	98	19.62	90.86	0.1724	-0.0682	0.1824	0.1783	0.0363	0.0355	0.0257	0.0251	19	25
15.00	-1.35	-13.00	16:32:31	132	27.17	92.19	0.1942	-0.0409	0.2267	0.1737	0.0388	0.0297	0.0274	0.0210	16	19
15.00	-0.85	-13.00	16:32:43	144	29.72	95.52	0.2972	-0.0292	0.2066	0.1616	0.0339	0.0265	0.0239	0.0187	12	28
15.00	-0.35	-13.00	16:32:55	133	27.23	92.78	0.2981	-0.0306	0.2025	0.1658	0.0345	0.0283	0.0244	0.0200	16	35
15.00	0.15	-13.00	16:33:07	139	28.70	92.46	0.2931	0.0455	0.2028	0.1745	0.0338	0.0291	0.0239	0.0206	12	22
15.00	0.65	-13.00	16:33:20	84	17.22	97.56	0.2140	0.0717	0.1918	0.1599	0.0413	0.0344	0.0292	0.0243	19	28
15.00	1.15	-13.00	16:33:33	95	19.82	98.22	0.1831	0.0588	0.1870	0.1452	0.0378	0.0294	0.0267	0.0208	16	19
15.00	1.15	-13.50	16:33:46	70	14.31	91.13	0.2064	0.0941	0.2178	0.1620	0.0514	0.0382	0.0363	0.0270	16	19
15.00	0.65	-13.50	16:33:58	90	18.17	92.19	0.2790	0.0392	0.2342	0.1841	0.0487	0.0383	0.0344	0.0270	16	25
15.00	0.15	-13.50	16:34:11	123	24.88	94.13	0.2706	0.0553	0.2080	0.1822	0.0369	0.0323	0.0261	0.0229	16	25
15.00	-0.35	-13.50	16:34:23	118	23.90	94.09	0.3255	0.0124	0.2349	0.1842	0.0426	0.0334	0.0301	0.0236	12	48
15.00	-0.85	-13.50	16:34:36	126	25.49	91.72	0.2941	-0.0211	0.2117	0.1970	0.0371	0.0345	0.0262	0.0244	16	25
15.00	-1.35	-13.50	16:34:49	130	26.55	92.19	0.2799	-0.0513	0.2209	0.1872	0.0381	0.0323	0.0270	0.0228	16	22
15.00	-1.35	-14.00	16:35:01	105	21.18	92.38	0.2624	-0.0496	0.2357	0.1819	0.0453	0.0350	0.0320	0.0247	22	25
15.00	-0.85	-14.00	16:35:13	106	21.91	86.33	0.3743	-0.0304	0.2099	0.1873	0.0402	0.0358	0.0284	0.0253	16	19
15.00	-0.35	-14.00	16:35:26	133	27.05	91.46	0.3509	0.0140	0.2000	0.2161	0.0341	0.0369	0.0241	0.0261	12	32
15.00	0.15	-14.00	16:35:38	116	23.50	88.65	0.3342	0.0365	0.2196	0.1990	0.0401	0.0364	0.0284	0.0257	16	22
15.00	0.65	-14.00	16:35:51	100	20.20	94.64	0.2782	0.0661	0.2441	0.1869	0.0481	0.0368	0.0340	0.0260	22	25
15.00	1.15	-14.00	16:36:03	80	16.15	89.82	0.2259	0.1049	0.2506	0.1910	0.0553	0.0421	0.0391	0.0298	19	19
15.00	1.15	-14.50	16:36:15	66	13.83	94.67	0.2496	0.0797	0.2559	0.1790	0.0622	0.0435	0.0440	0.0308	25	19
15.00	0.65	-14.50	16:36:27	93	18.47	91.20	0.3433	0.0277	0.2551	0.1972	0.0521	0.0403	0.0369	0.0285	16	22
15.00	0.15	-14.50	16:36:39	120	24.22	95.31	0.4061	0.0026	0.1707	0.2043	0.0307	0.0367	0.0217	0.0260	16	25
15.00	-0.35	-14.50	16:36:51	149	29.95	95.32	0.4033	0.0030	0.2136	0.1955	0.0344	0.0315	0.0243	0.0223	16	32
15.00	-0.85	-14.50	16:37:04	127	25.18	96.00	0.3836	-0.0247	0.2349	0.2112	0.0410	0.0369	0.0290	0.0261	19	22
15.00	-1.35	-14.50	16:37:16	129	25.76	84.10	0.3537	-0.0647	0.2466	0.1749	0.0427	0.0303	0.0302	0.0214	19	25
15.00	-1.35	-15.00	16:37:28	123	24.76	97.82	0.3680	-0.0564	0.2342	0.1835	0.0416	0.0326	0.0294	0.0230	16	22
15.00	-0.85	-15.00	16:37:41	134	27.16	93.53	0.3864	-0.0183	0.2179	0.1610	0.0370	0.0274	0.0262	0.0194	16	19
15.00	-0.35	-15.00	16:37:55	117	23.49	95.55	0.3842	-0.0242	0.2004	0.2068	0.0365	0.0376	0.0258	0.0266	16	28
15.00	0.15	-15.00	16:38:07	131	26.62	96.79	0.4075	0.0171	0.2167	0.2382	0.0373	0.0409	0.0263	0.0290	16	25
15.00	0.65	-15.00	16:38:19	106	21.36	89.67	0.3635	0.0389	0.1933	0.1932	0.0370	0.0370	0.0261	0.0261	12	19
15.00	1.15	-15.00	16:38:32	77	16.37	79.14	0.3606	0.0476	0.2498	0.2280	0.0562	0.0513	0.0397	0.0363	25	25
15.00	1.15	-15.50	16:38:44	89	17.94	92.15	0.3692	0.0503	0.2308	0.2037	0.0482	0.0426	0.0341	0.0301	22	22
15.00	0.65	-15.50	16:38:56	105	21.13	81.88	0.3685	0.0347	0.1869	0.1799	0.0359	0.0346	0.0254	0.0245	12	19
15.00	0.15	-15.50	16:39:09	115	23.22	95.30	0.4015	0.0075	0.2144	0.2251	0.0394	0.0413	0.0278	0.0292	16	22
15.00	-0.35	-15.50	16:39:21	142	28.47	95.62	0.3625	-0.0002	0.1879	0.2106	0.0310	0.0348	0.0219	0.0246	16	28
15.00	-0.85	-15.50	16:39:34	121	24.89	94.35	0.3775	-0.0159	0.1953	0.1962	0.0350	0.0351	0.0247	0.0248	12	25
15.00	-1.35	-15.50	16:39:46	126	25.42	81.93	0.3999	-0.0066	0.1970	0.1759	0.0345	0.0308	0.0244	0.0218	19	22
15.00	-1.35	-16.00	16:39:58	120	24.14	90.87	0.4121	-0.0062	0.1908	0.1936	0.0343	0.0348	0.0242	0.0246	22	25
15.00	-0.85	-16.00	16:40:11	131	26.66	82.15	0.3734	-0.0015	0.1995	0.2228	0.0343	0.0383	0.0243	0.0271	12	22
15.00	-0.35	-16.00	16:40:25	103	20.70	87.03	0.3750	-0.0206	0.2222	0.2643	0.0431	0.0513	0.0305	0.0363	16	25
15.00	0.15	-16.00	16:40:37	127	25.25	92.76	0.4122	0.0125	0.2100	0.2305	0.0367	0.0402	0.0259	0.0285	12	19
15.00	0.65	-16.00	16:40:50	117	23.69	91.57	0.3623	0.0280	0.2108	0.2130	0.0384	0.0388	0.0271	0.0274	16	19
15.00	1.15	-16.00	16:41:03	107	22.48	95.11	0.3808	0.0577	0.2245	0.2249	0.0427	0.0428	0.0302	0.0303	22	25
15.00	1.65	-16.50	16:41:15	97	20.25	85.10	0.3417	0.0940	0.2100	0.1885	0.0420	0.0377	0.0297	0.0267	19	28
15.00	1.15	-16.50	16:41:28	104	21.49	97.66	0.3342	0.0788	0.2017	0.2243	0.0389	0.0433	0.0275	0.0306	19	32
15.00	0.65	-16.50	16:41:41	112	23.54	93.36	0.3620	0.0636	0.2285	0.2433	0.0425	0.0453	0.0301	0.0320	12	19
15.00	0.15	-16.50	16:41:54	110	22.68	71.64	0.3831	0.0488	0.2170	0.2546	0.0407	0.0478	0.0288	0.0338	16	19
15.00	-0.35	-16.50	16:42:07	104	21.00	93.56	0.3758	-0.0041	0.2222	0.2634	0.0429	0.0509	0.0303	0.0360	16	22
15.00	-0.85	-16.50	16:42:20	127	24.92	91.90	0.3642	-0.0628	0.2137	0.2302	0.0373	0.0402	0.0264	0.0284	16	22
15.00	-1.35	-16.50	16:42:32	123	24.88	92.99	0.3834	-0.0544	0.2241	0.2592	0.0398	0.0460	0.0281	0.0325	19	25
15.00	-1.85	-17.00	16:42:45	114	23.71	95.55	0.3250	-0.0760	0.1997	0.1973	0.0368	0.0364	0.0260	0.0257	12	28
15.00	-1.35	-17.00	16:42:57	120	24.59	98.47	0.3686	-0.0242	0.2102	0.2179	0.0378	0.0392	0.0267	0.0277	22	22
15.00	-0.85	-17.00	16:43:09	112	22.58	88.85	0.3372	-0.0123	0.2221	0.2535	0.0413	0.0472	0.0292	0.0333	12	16
15.00	-0.35	-17.00	16:43:21	117	24.46	72.95	0.3742	0.0049	0.2483	0.2191	0.0452	0.0399	0.0320	0.0282	16	16
15.00	0.15	-17.00	16:43:33	111	22.38	94.22	0.3658	0.0362	0.2336	0.2402	0.0437	0.0449	0.0309	0.0317	16	16
15.00	0.65	-17.00	16:43:46	111	22.32	92.83	0.3658	0.0441	0.2150	0.2516	0.0402	0.0470	0.0284	0.0333	12	19
15.00	1.15	-17.00	16:43:59	102	21.15	91.87	0.2616	0.0234	0.2293	0.2131	0.0447	0.0416	0.0316	0.0294	22	19
15.00	1.65	-17.00	16:44:11	75	15.70	92.81	0.3000	0.0664	0.1974	0.1924	0.0450	0.0438	0.0318	0.0310	19	28
15.00	2.15	-17.50	16:44:23	89	18.28	69.44	0.2124	0.0462	0.2094	0.1649	0.0438	0.0345	0.0309	0.0244	19	35
15.00	1.65	-17.50	16:44:36	68	14.33	95.24	0.2699	0.0996	0.1677	0.2000	0.0401	0.0479	0.0284	0.0339	16	25
15.00	1.15	-17.50	16:44:48	97	19.71	94.27	0.2898	0.0385	0.2319	0.2379	0.0464	0.0476	0.0328	0.0337	19	16
15.00	0.65	-17.50	16:45:02	113	21.98	74.57	0.3459	0.0386	0.2098	0.2349	0.0389	0.0435	0.0275	0.0308	12	16
15.00	0.15	-17.50	16:45:14	131	26.61	95.10	0.3417	0.0676	0.2158	0.2424	0.0371	0.0417	0.0262	0.0295	16	22
15.00	-0.35	-17.50	16:45:26	124	25.48	94.84	0.3999	0.0125	0.2292	0.2497	0.0405	0.0441	0.0286	0.0312	16	16
15.00	-0.85	-17.50	16:45:39	121	24.23	91.15	0.3480	0.0015	0.2532	0.2341	0.0453	0.0419	0.0320	0.0296	12	16
15.00	-1.35	-17.50	16:45:52	101	20.40	91.41	0.3041	-0.0501	0.2156	0.2570	0.0423	0.0504	0.0299	0.0356	19	22
15.00	-1.85	-17.50	16:46:04	115	23.50	96.25	0.2918	-0.0962	0.2243	0.2212	0.0412	0.0406	0.0291	0.0287	12	19
15.00	-2.35	-18.00	16:46:16	107	22.28	92.88	0.2524	-0.0386	0.2113	0.1848	0.0402	0.0352	0.0285	0.0249	12	22
15.00	-1.85	-18.00	16:46:29	103	20.77	87.58	0.2655	-0.0803	0.2075	0.2331	0.0403	0.0452	0.0285	0.0320	16	16
15.00	-1.35	-18.00	16:46:42	117	23.63	90.19	0.3332	-0.0273	0.2290	0.2335	0.0417	0.0425	0.0295	0.0300	16	16
15.00	-0.85	-18.00	16:46:56	117	23.57	96.00	0.3367	-0.0208	0.2294	0.2273	0.0417	0.0414	0.0295	0.0292	12	16
15.00	-0.35	-18.00	16:47:09	115	24.62	97.59	0.4091	0.0431	0.2290	0.2170	0.0420	0.0398	0.0297	0.0282	12	19
15.00	0.15	-18.00	16:47:22	109	22.06	80.06	0.3511	0.0030	0.1981	0.2265	0.0374	0.0427	0.0264	0.0302	12	16
15.00	0.65	-18.00	16:47:33	108	21.92	92.78	0.2887	0.0472	0.2529	0.2293	0.0479	0.0434	0.0339	0.0307	12	16
15.00	1.15	-18.00	16:47:45	112	23.14	89.20	0.2421	0.0786	0.2414	0.2426	0.0449	0.0451	0.0318	0.0319	12	16
15.00	1.65	-18.00	16:47:59	86	18.03	94.10	0.1900	0.0886	0.1995	0.1988	0.0424	0.0423	0.0300	0.0299	12	22
15.00	2.15	-18.00	16:48:11	93	19.52	93.34	0.2045	0.0957	0.1954	0.2252	0.0399	0.0460	0.0282	0.0325	16	25
15.00	2.65	-18.00	16:48:25	80	16.70	62.00	0.2078	0.0700	0.1843	0.1810	0.0406	0.0399	0.0287	0.0282	38	102
15.00	2.65	-18.50	16:48:37	107	21.68	92.63	0.1434	0.0389	0.1624	0.1651	0.0309	0.0314	0.0219	0.0222	16	19
15.00	2.15	-18.50	16:48:50	77	15.80	94.12	0.1645	0.0738	0.1958	0.1709	0.0440	0.0384	0.0311	0.0272	19	32
15.00	1.65	-18.50	16:49:02	68	13.70	94.99	0.2155	0.0433	0.2267	0.2405	0.0543	0.0576	0.0384	0.0407	12	25
15.00	1.15	-18.50	16:49:15	92	18.63	84.30	0.2127	-0.0014	0.2208	0.2484	0.0454	0.0510	0.0321	0.0361	12	16
15.00	0.65	-18.50	16:49:27	99	20.68	88.36	0.2801	0.0147	0.2421	0.2326	0.0479	0.0461	0.0339	0.0326	12	12
15.00	0.15	-18.50	16:49:40	110	22.65	93.42	0.3790	-0.0032	0.2330	0.2255	0.0437	0.0423	0.0309	0.0299	12	19
15.00	-0.35	-18.50	16:49:52	103	21.44	91.40	0.3516	-0.0140	0.2066	0.2298	0.0401	0.0446	0.0284	0.0315	16	19
15.00	-0.85	-18.50	16:50:04	99	20.31	96.28	0.3801	-0.0056	0.1982	0.2171	0.0392	0.0430	0.0277	0.0304	16	19
15.00	-1.35	-18.50	16:50:16	115	23.52	95.36	0.2944	-0.0341	0.2274	0.2502	0.0417	0.0459	0.0295	0.0325	16	19
15.00	-1.85	-18.50	16:50:30	82	16.67	84.45	0.2049	-0.0607	0.2565	0.2141	0.0559	0.0466	0.0395	0.0330	12	19
15.00	-2.35	-18.50	16:50:41	107	21.88	93.95	0.2418	-0.0554	0.2232	0.1997	0.0425	0.0380	0.0300	0.0269	16	32
15.00	-2.85	-18.50	16:50:54	110	22.30	94.23	0.1588	-0.0454	0.1857	0.1834	0.0349	0.0344	0.0246	0.0243	16	19
15.00	-3.35	-19.00	16:51:08	91	18.39	91.14	0.1567	-0.0417	0.1733	0.1764	0.0358	0.0364	0.0253	0.0258	16	22
15.00	-2.85	-19.00	16:51:21	123	24.69	89.12	0.1762	-0.0103	0.2027	0.1777	0.0360	0.0315	0.0254	0.0223	16	28
15.00	-2.35	-19.00	16:51:33	94	19.25	90.23	0.1600	-0.0153	0.2197	0.1751	0.0447	0.0356	0.0316	0.0252	12	22
15.00	-1.85	-19.00	16:51:47	97	19.97	95.19	0.2218	0.0188	0.1919	0.2286	0.0384	0.0457	0.0271	0.0323	16	16
15.00	-1.35	-19.00	16:51:59	62	12.60	92.68	0.2665	0.0553	0.2112	0.2372	0.0530	0.0595	0.0375	0.0421	12	19
15.00	-0.85	-19.00	16:52:11	100	20.08	94.92	0.3423	0.0076	0.2142	0.2342	0.0422	0.0461	0.0298	0.0326	32	19
15.00	-0.35	-19.00	16:52:25	99	19.93	92.32	0.3742	0.0446	0.2043	0.2254	0.0405	0.0446	0.0286	0.0316	16	19
15.00	0.15	-19.00	16:52:37	130	26.64	95.42	0.3486	-0.0173	0.2002	0.2295	0.0346	0.0396	0.0244	0.0280	28	19
15.00	0.65	-19.00	16:52:51	82	17.29	94.82	0.2580	0.0064	0.2021	0.2550	0.0440	0.0555	0.0311	0.0393	16	16
15.00	1.15	-19.00	16:53:04	85	17.07	94.46	0.2032	0.0202	0.2454	0.2350	0.0525	0.0503	0.0371	0.0355	12	16
15.00	1.65	-19.00	16:53:18	75	15.06	94.37	0.1671	0.0147	0.1993	0.2001	0.0454	0.0456	0.0321	0.0322	16	25
15.00	2.15	-19.00	16:53:30	86	17.32	93.37	0.1488	0.0249	0.1748	0.2140	0.0372	0.0455	0.0263	0.0322	12	22
15.00	2.65	-19.00	16:53:42	82	16.12	94.76	0.1576	0.0201	0.1667	0.1538	0.0363	0.0335	0.0257	0.0237	12	16
15.00	3.15	-19.00	16:53:55	107	21.83	93.51	0.1628	0.0462	0.1835	0.1835	0.0349	0.0349	0.0247	0.0247	12	19
15.00	3.65	-19.50	16:54:08	106	21.73	88.53	0.0853	0.0251	0.2111	0.1866	0.0404	0.0357	0.0285	0.0252	12	19
15.00	3.15	-19.50	16:54:20	83	16.79	98.13	0.1016	0.0274	0.1440	0.1688	0.0312	0.0365	0.0220	0.0258	12	16
15.00	2.65	-19.50	16:54:33	104	21.06	96.73	0.1171	-0.0113	0.1829	0.2011	0.0353	0.0388	0.0250	0.0275	12	16
15.00	2.15	-19.50	16:54:45	67	14.17	91.54	0.1306	-0.0435	0.2029	0.1631	0.0490	0.0394	0.0346	0.0278	16	22
15.00	1.65	-19.50	16:54:58	85	17.11	85.59	0.2101	-0.0218	0.2231	0.2076	0.0477	0.0444	0.0337	0.0314	12	25
15.00	1.15	-19.50	16:55:11	105	21.32	94.56	0.1815	-0.0539	0.2307	0.2164	0.0443	0.0416	0.0313	0.0294	12	16
15.00	0.65	-19.50	16:55:24	103	21.28	91.92	0.3075	-0.0499	0.2434	0.2329	0.0472	0.0452	0.0334	0.0320	12	16
15.00	0.15	-19.50	16:55:37	99	19.92	87.63	0.3262	-0.0923	0.1803	0.2384	0.0357	0.0472	0.0252	0.0334	19	16
15.00	-0.35	-19.50	16:55:49	127	25.89	97.20	0.3426	-0.0219	0.1830	0.2488	0.0320	0.0434	0.0226	0.0307	19	16
15.00	-0.85	-19.50	16:56:01	108	22.29	94.72	0.3387	0.0311	0.2200	0.2595	0.0417	0.0492	0.0295	0.0348	19	16
15.00	-1.35	-19.50	16:56:15	84	17.07	94.96	0.2811	0.1067	0.2174	0.2187	0.0468	0.0470	0.0331	0.0333	16	22
15.00	-1.85	-19.50	16:56:27	111	23.09	96.12	0.2195	0.0633	0.1910	0.2489	0.0357	0.0465	0.0252	0.0329	12	22
15.00	-2.35	-19.50	16:56:41	113	23.76	91.20	0.1790	0.0308	0.2220	0.2321	0.0411	0.0430	0.0291	0.0304	12	19
15.00	-2.85	-19.50	16:56:54	95	18.93	92.96	0.1258	0.0306	0.1814	0.2182	0.0367	0.0441	0.0259	0.0312	12	22
15.00	-3.35	-19.50	16:57:06	95	19.79	86.28	0.1417	0.0443	0.1736	0.1536	0.0351	0.0311	0.0248	0.0220	16	22
15.00	-3.85	-19.50	16:57:18	84	17.12	93.63	0.0994	-0.0227	0.1763	0.2136	0.0379	0.0460	0.0268	0.0325	16	25
15.00	-4.35	-19.50	16:57:31	97	19.77	90.42	0.0831	-0.0226	0.1835	0.1709	0.0367	0.0342	0.0260	0.0242	16	32
15.00	-5.35	-20.00	16:57:46	73	15.33	90.77	0.0723	0.0650	0.1608	0.1895	0.0372	0.0438	0.0263	0.0310	22	16
15.00	-4.85	-20.00	16:57:58	92	18.50	98.29	0.0818	0.0528	0.1663	0.1674	0.0342	0.0344	0.0242	0.0243	12	19
15.00	-4.35	-20.00	16:58:11	87	17.52	87.62	0.0312	0.0376	0.1770	0.1840	0.0374	0.0389	0.0265	0.0275	16	22
15.00	-3.85	-20.00	16:58:23	68	13.73	91.67	0.0975	0.0974	0.1519	0.1550	0.0364	0.0371	0.0257	0.0262	12	16
15.00	-3.35	-20.00	16:58:36	95	19.53	94.78	0.1134	0.0916	0.1725	0.1841	0.0349	0.0372	0.0247	0.0263	16	19
15.00	-2.85	-20.00	16:58:48	96	19.40	96.26	0.0867	0.0689	0.1908	0.1639	0.0384	0.0330	0.0271	0.0233	16	19
15.00	-2.35	-20.00	16:59:00	90	18.12	96.80	0.1426	0.0898	0.2010	0.2104	0.0418	0.0437	0.0295	0.0309	16	22
15.00	-1.85	-20.00	16:59:12	98	19.67	96.90	0.2368	0.0901	0.1900	0.2409	0.0378	0.0479	0.0267	0.0339	12	16
15.00	-1.35	-20.00	16:59:25	103	20.84	97.50	0.2906	0.0991	0.1405	0.2346	0.0273	0.0455	0.0193	0.0322	16	25
15.00	-0.85	-20.00	16:59:37	101	20.95	96.70	0.2706	0.0184	0.2039	0.2468	0.0400	0.0484	0.0283	0.0342	16	22
15.00	-0.35	-20.00	16:59:49	104	21.27	94.36	0.3149	-0.0957	0.1763	0.2780	0.0341	0.0537	0.0241	0.0380	16	16
15.00	0.15	-20.00	17:00:03	108	21.83	97.91	0.2870	-0.0444	0.1888	0.2604	0.0358	0.0493	0.0253	0.0349	12	19
15.00	0.65	-20.00	17:00:14	88	17.80	88.75	0.2957	-0.0683	0.1902	0.2170	0.0400	0.0456	0.0283	0.0322	12	19
15.00	1.15	-20.00	17:00:27	101	20.70	86.67	0.2152	-0.0976	0.1966	0.2251	0.0385	0.0441	0.0272	0.0312	16	19
15.00	1.65	-20.00	17:00:39	66	13.40	96.08	0.1529	-0.0720	0.1910	0.2236	0.0464	0.0544	0.0328	0.0384	12	22
15.00	2.15	-20.00	17:00:51	62	13.64	97.71	0.1364	-0.1395	0.1831	0.1914	0.0459	0.0480	0.0325	0.0340	12	19
15.00	2.65	-20.00	17:01:03	79	16.04	95.91	0.1117	-0.0987	0.1511	0.1626	0.0335	0.0361	0.0237	0.0255	16	22
15.00	3.15	-20.00	17:01:15	87	17.53	95.06	0.1025	-0.0809	0.1834	0.1879	0.0388	0.0397	0.0274	0.0281	16	25
15.00	3.65	-20.00	17:01:28	84	16.83	92.42	0.0551	-0.1038	0.1881	0.1957	0.0405	0.0421	0.0286	0.0298	12	16
15.00	4.15	-20.00	17:01:40	115	23.15	93.64	0.0888	-0.0715	0.1864	0.1817	0.0342	0.0334	0.0242	0.0236	12	12
15.00	4.65	-20.00	17:01:53	96	19.37	81.62	0.0905	-0.0619	0.2071	0.1741	0.0416	0.0350	0.0294	0.0248	12	16
15.00	5.15	-20.00	17:02:06	70	14.47	92.54	0.1131	-0.0918	0.1661	0.1798	0.0392	0.0424	0.0277	0.0300	35	19
15.00	5.65	-20.00	17:02:20	73	16.51	80.88	0.0812	-0.0803	0.1272	0.1881	0.0294	0.0435	0.0208	0.0307	198	16
15.00	7.15	-20.50	17:02:38	120	24.22	95.18	0.0712	-0.3247	0.2033	0.2583	0.0365	0.0464	0.0258	0.0328	16	19
15.00	6.65	-20.50	17:02:50	74	15.31	95.30	0.0684	-0.2738	0.2119	0.2233	0.0486	0.0512	0.0344	0.0362	16	22
15.00	6.15	-20.50	17:03:02	85	17.27	90.79	0.1193	-0.2007	0.2008	0.2237	0.0429	0.0478	0.0304	0.0338	16	19
15.00	5.65	-20.50	17:03:15	108	21.84	85.52	0.0716	-0.2270	0.1613	0.2256	0.0306	0.0427	0.0216	0.0302	16	22
15.00	5.15	-20.50	17:03:27	82	17.10	94.12	0.0563	-0.1586	0.1761	0.1759	0.0383	0.0383	0.0271	0.0271	12	19
15.00	4.65	-20.50	17:03:39	97	20.05	94.08	0.0486	-0.1694	0.1527	0.1784	0.0306	0.0357	0.0216	0.0252	16	19
15.00	4.15	-20.50	17:03:52	86	17.56	88.88	0.0322	-0.1078	0.2011	0.1405	0.0427	0.0299	0.0302	0.0211	16	19
15.00	3.65	-20.50	17:04:03	115	23.59	96.30	0.0615	-0.1836	0.1768	0.1597	0.0325	0.0293	0.0229	0.0207	16	22
15.00	3.15	-20.50	17:04:16	100	20.37	96.04	0.0532	-0.1775	0.1657	0.1705	0.0327	0.0336	0.0231	0.0237	16	22
15.00	2.65	-20.50	17:04:30	76	15.63	97.49	0.0831	-0.2136	0.1491	0.1810	0.0338	0.0410	0.0239	0.0290	12	19
15.00	2.15	-20.50	17:04:42	73	14.96	90.53	0.1326	-0.1983	0.1439	0.1682	0.0332	0.0389	0.0235	0.0275	16	22
15.00	1.65	-20.50	17:04:55	95	19.31	98.33	0.1121	-0.1721	0.1807	0.2016	0.0365	0.0408	0.0258	0.0288	12	19
15.00	1.15	-20.50	17:05:08	110	22.27	98.26	0.1766	-0.1937	0.1479	0.1896	0.0278	0.0356	0.0196	0.0252	12	22
15.00	0.65	-20.50	17:05:20	89	18.44	95.73	0.1458	-0.1318	0.1666	0.2102	0.0348	0.0439	0.0246	0.0311	12	19
15.00	0.15	-20.50	17:05:33	116	23.27	91.14	0.2503	-0.0934	0.1577	0.2809	0.0288	0.0513	0.0204	0.0363	16	22
15.00	-0.35	-20.50	17:05:46	93	19.08	95.21	0.2471	0.0041	0.1699	0.3042	0.0347	0.0622	0.0245	0.0440	16	19
15.00	-0.85	-20.50	17:06:00	91	18.49	96.08	0.2564	0.0827	0.2083	0.3031	0.0430	0.0626	0.0304	0.0443	16	19
15.00	-1.35	-20.50	17:06:14	91	18.42	91.97	0.1823	0.1152	0.2049	0.2594	0.0423	0.0536	0.0299	0.0379	12	19
15.00	-1.85	-20.50	17:06:26	86	17.48	89.91	0.1828	0.1489	0.1799	0.2161	0.0382	0.0459	0.0270	0.0325	12	19
15.00	-2.35	-20.50	17:06:38	88	17.92	78.59	0.1328	0.1680	0.1763	0.1783	0.0370	0.0375	0.0262	0.0265	16	25
15.00	-2.85	-20.50	17:06:51	74	14.82	99.09	0.1173	0.1744	0.1484	0.1920	0.0340	0.0440	0.0241	0.0311	12	25
15.00	-3.35	-20.50	17:07:03	87	17.48	90.09	0.0998	0.1904	0.1790	0.1734	0.0378	0.0366	0.0268	0.0259	12	22
15.00	-3.85	-20.50	17:07:17	82	17.12	97.37	0.0220	0.1840	0.1982	0.1803	0.0432	0.0393	0.0305	0.0278	12	25
15.00	-4.35	-20.50	17:07:31	89	18.29	91.48	0.0783	0.1571	0.1847	0.1596	0.0386	0.0334	0.0273	0.0236	19	25
15.00	-4.85	-20.50	17:07:44	87	17.54	94.06	0.0589	0.1514	0.1689	0.1623	0.0357	0.0343	0.0252	0.0242	16	25
15.00	-5.35	-20.50	17:07:58	77	16.24	93.96	0.0361	0.1096	0.1566	0.1776	0.0352	0.0399	0.0249	0.0282	19	25
15.00	-5.85	-20.50	17:08:11	60	12.53	97.75	0.0503	0.1970	0.1463	0.2297	0.0373	0.0586	0.0264	0.0414	16	22
15.00	-6.35	-20.50	17:08:25	82	17.09	90.43	0.0546	0.1868	0.1537	0.2289	0.0335	0.0499	0.0237	0.0352	16	22
15.00	-6.85	-20.50	17:08:37	86	18.21	81.98	0.1083	0.2503	0.1943	0.2316	0.0413	0.0492	0.0292	0.0348	16	22
15.00	-6.85	-21.00	17:08:49	95	19.80	82.91	0.0273	0.3109	0.2128	0.2206	0.0430	0.0446	0.0304	0.0315	16	19
15.00	-6.35	-21.00	17:09:02	99	19.82	87.98	0.0284	0.2470	0.2086	0.2090	0.0413	0.0414	0.0292	0.0293	16	19
15.00	-5.85	-21.00	17:09:14	71	14.01	98.52	0.0194	0.2099	0.1535	0.1880	0.0360	0.0440	0.0254	0.0311	16	19
15.00	-5.35	-21.00	17:09:26	58	12.15	97.33	0.0294	0.2047	0.1888	0.1332	0.0490	0.0346	0.0347	0.0245	12	22
15.00	-4.85	-21.00	17:09:38	76	15.82	89.49	0.0421	0.2053	0.1644	0.1721	0.0372	0.0390	0.0263	0.0275	12	19
15.00	-4.35	-21.00	17:09:51	70	13.98	95.59	0.0364	0.2576	0.1544	0.1414	0.0364	0.0334	0.0258	0.0236	12	22
15.00	-3.85	-21.00	17:10:04	94	19.01	99.26	0.0431	0.2166	0.1746	0.1644	0.0355	0.0334	0.0251	0.0236	12	16
15.00	-3.35	-21.00	17:10:18	93	19.05	96.89	0.0111	0.2540	0.1564	0.1445	0.0320	0.0295	0.0226	0.0209	12	16
15.00	-2.85	-21.00	17:10:31	72	14.58	94.78	0.0809	0.2673	0.1578	0.1650	0.0367	0.0384	0.0260	0.0271	12	22
15.00	-2.35	-21.00	17:10:45	91	18.38	94.91	0.0886	0.1958	0.1840	0.2415	0.0380	0.0499	0.0269	0.0353	12	19
15.00	-1.85	-21.00	17:10:57	85	17.30	96.89	0.1510	0.1836	0.1524	0.2218	0.0326	0.0474	0.0230	0.0335	12	19
15.00	-1.35	-21.00	17:11:10	94	18.42	92.68	0.1534	0.1131	0.1669	0.2598	0.0339	0.0528	0.0240	0.0373	12	16
15.00	-0.85	-21.00	17:11:23	88	17.91	90.52	0.1384	0.0455	0.1933	0.2887	0.0406	0.0607	0.0287	0.0429	12	19
15.00	-0.35	-21.00	17:11:35	88	18.69	96.15	0.1804	-0.0540	0.1868	0.2852	0.0393	0.0599	0.0278	0.0424	19	25
15.00	0.15	-21.00	17:11:48	106	21.10	98.89	0.1477	-0.0909	0.1579	0.2688	0.0302	0.0514	0.0214	0.0364	19	19
15.00	0.65	-21.00	17:12:00	93	18.82	96.86	0.1540	-0.1792	0.1828	0.2340	0.0373	0.0478	0.0264	0.0338	16	22
15.00	1.15	-21.00	17:12:12	108	22.06	95.56	0.1041	-0.1795	0.1440	0.2165	0.0273	0.0410	0.0193	0.0290	16	22
15.00	1.65	-21.00	17:12:25	76	15.64	97.28	0.1370	-0.2234	0.1485	0.1947	0.0336	0.0441	0.0238	0.0312	12	19
15.00	2.15	-21.00	17:12:38	67	13.44	95.33	0.0981	-0.2695	0.1549	0.1556	0.0374	0.0375	0.0264	0.0265	12	28
15.00	2.65	-21.00	17:12:50	77	16.08	87.22	0.0592	-0.2833	0.1569	0.1764	0.0353	0.0397	0.0249	0.0280	12	22
15.00	3.15	-21.00	17:13:03	114	23.55	92.08	0.0522	-0.3155	0.1719	0.1606	0.0317	0.0296	0.0224	0.0209	16	19
15.00	3.65	-21.00	17:13:15	102	20.63	96.88	0.0337	-0.2624	0.1845	0.1737	0.0360	0.0339	0.0254	0.0240	16	22
15.00	4.15	-21.00	17:13:27	83	17.06	93.44	0.0504	-0.2464	0.1570	0.1483	0.0340	0.0321	0.0240	0.0227	16	25
15.00	4.65	-21.00	17:13:39	87	17.66	91.78	0.0297	-0.2165	0.1737	0.1830	0.0367	0.0387	0.0260	0.0274	12	19
15.00	5.15	-21.00	17:13:51	78	15.91	76.25	0.0439	-0.2616	0.1340	0.1971	0.0299	0.0440	0.0212	0.0311	16	16
15.00	5.65	-21.00	17:14:04	114	24.12	92.67	0.0276	-0.2051	0.2003	0.2075	0.0369	0.0383	0.0261	0.0271	16	16
15.00	6.15	-21.00	17:14:18	87	18.44	84.21	0.0595	-0.3226	0.1981	0.2038	0.0419	0.0431	0.0296	0.0305	12	19
15.00	6.65	-21.00	17:14:31	95	19.26	93.26	0.0133	-0.3551	0.2229	0.2314	0.0451	0.0468	0.0319	0.0331	12	16
15.00	7.15	-21.00	17:14:44	96	20.06	95.52	0.0409	-0.3723	0.2115	0.1934	0.0425	0.0389	0.0301	0.0275	16	25
15.00	7.15	-21.50	17:14:56	82	16.61	95.76	-0.0443	-0.3863	0.2319	0.1583	0.0505	0.0345	0.0357	0.0244	19	22
15.00	6.65	-21.50	17:15:09	90	18.64	91.97	0.0214	-0.3667	0.2390	0.1917	0.0497	0.0398	0.0351	0.0282	19	22
15.00	6.15	-21.50	17:15:22	92	18.61	92.09	-0.0335	-0.3106	0.1929	0.2208	0.0396	0.0454	0.0280	0.0321	28	19
15.00	5.65	-21.50	17:15:34	98	20.22	95.88	-0.0070	-0.3299	0.2377	0.2010	0.0473	0.0400	0.0334	0.0283	19	19
15.00	5.15	-21.50	17:15:47	96	19.48	94.67	-0.0019	-0.2891	0.1920	0.2063	0.0386	0.0415	0.0273	0.0293	19	22
15.00	4.65	-21.50	17:15:59	91	18.54	92.84	0.0370	-0.2688	0.1830	0.1916	0.0378	0.0396	0.0267	0.0280	12	22
15.00	4.15	-21.50	17:16:12	102	21.25	93.05	0.0283	-0.3014	0.1699	0.1675	0.0331	0.0327	0.0234	0.0231	12	19
15.00	3.65	-21.50	17:16:25	108	22.14	93.10	-0.0050	-0.2625	0.1818	0.1621	0.0344	0.0307	0.0244	0.0217	12	19
15.00	3.15	-21.50	17:16:38	75	15.10	97.28	0.0434	-0.3244	0.1706	0.1546	0.0389	0.0352	0.0275	0.0249	12	16
15.00	2.65	-21.50	17:16:51	75	15.48	94.50	0.0391	-0.2643	0.1497	0.1921	0.0341	0.0438	0.0241	0.0309	16	22
15.00	2.15	-21.50	17:17:03	59	11.47	97.89	-0.0019	-0.2994	0.1629	0.1697	0.0419	0.0437	0.0296	0.0309	12	16
15.00	1.65	-21.50	17:17:15	85	17.34	98.12	0.0613	-0.2678	0.1308	0.1923	0.0280	0.0411	0.0198	0.0291	16	70
15.00	1.15	-21.50	17:17:28	84	16.90	96.85	0.0416	-0.2450	0.1550	0.2008	0.0333	0.0432	0.0236	0.0305	16	44
15.00	0.65	-21.50	17:17:40	103	20.36	91.76	0.0873	-0.1362	0.1831	0.2462	0.0355	0.0478	0.0251	0.0338	12	19
15.00	0.15	-21.50	17:17:54	111	22.76	95.62	0.0667	-0.1088	0.1865	0.2663	0.0349	0.0498	0.0246	0.0352	22	16
15.00	-0.35	-21.50	17:18:08	82	17.55	94.48	0.1074	-0.0403	0.2023	0.3239	0.0440	0.0705	0.0311	0.0499	16	22
15.00	-0.85	-21.50	17:18:20	86	17.15	90.38	0.0678	-0.0051	0.1919	0.2920	0.0408	0.0621	0.0288	0.0439	16	19
15.00	-1.35	-21.50	17:18:32	70	14.07	98.00	0.0594	0.1586	0.1922	0.2464	0.0454	0.0582	0.0321	0.0411	12	16
15.00	-1.85	-21.50	17:18:44	97	19.61	94.75	0.0480	0.1576	0.1401	0.2089	0.0280	0.0418	0.0198	0.0295	12	25
15.00	-2.35	-21.50	17:18:57	91	18.37	97.31	0.0278	0.2434	0.1350	0.2162	0.0279	0.0447	0.0197	0.0316	16	32
15.00	-2.85	-21.50	17:19:10	76	15.57	99.13	0.0641	0.2975	0.1496	0.1721	0.0339	0.0390	0.0239	0.0275	12	16
15.00	-3.35	-21.50	17:19:22	73	14.71	96.52	-0.0056	0.2640	0.1609	0.1693	0.0372	0.0391	0.0263	0.0276	16	19
15.00	-3.85	-21.50	17:19:34	90	18.33	97.14	0.0541	0.3150	0.1744	0.1649	0.0362	0.0343	0.0256	0.0242	16	19
15.00	-4.35	-21.50	17:19:47	58	11.84	92.28	0.0197	0.2861	0.1783	0.1503	0.0463	0.0390	0.0327	0.0276	12	16
15.00	-4.85	-21.50	17:20:00	82	16.86	88.11	0.0231	0.2613	0.1786	0.1500	0.0389	0.0327	0.0275	0.0231	12	12
15.00	-5.35	-21.50	17:20:14	71	15.02	94.12	0.0127	0.2849	0.1767	0.1766	0.0414	0.0414	0.0293	0.0292	16	19
15.00	-5.85	-21.50	17:20:26	74	14.88	93.63	-0.0003	0.2712	0.1810	0.1726	0.0415	0.0396	0.0294	0.0280	16	16
15.00	-6.35	-21.50	17:20:39	103	21.02	79.35	0.0355	0.2928	0.2122	0.1946	0.0412	0.0378	0.0291	0.0267	19	16
15.00	-6.85	-21.50	17:20:51	92	18.66	94.27	0.0175	0.3150	0.2355	0.2019	0.0484	0.0415	0.0342	0.0293	22	19
15.00	-6.85	-22.00	17:21:04	118	23.92	97.35	-0.0191	0.3354	0.2008	0.1983	0.0364	0.0359	0.0257	0.0254	16	16
15.00	-6.35	-22.00	17:21:16	94	19.03	91.57	-0.0682	0.3437	0.2228	0.1903	0.0453	0.0387	0.0320	0.0273	12	16
15.00	-5.85	-22.00	17:21:28	96	20.38	95.27	-0.0376	0.2897	0.1906	0.1778	0.0383	0.0358	0.0271	0.0253	16	19
15.00	-5.35	-22.00	17:21:40	66	13.56	93.51	-0.0422	0.2562	0.1679	0.1721	0.0408	0.0418	0.0289	0.0296	16	16
15.00	-4.85	-22.00	17:21:52	62	12.42	96.36	-0.0055	0.2574	0.1933	0.1614	0.0485	0.0405	0.0343	0.0286	12	16
15.00	-4.35	-22.00	17:22:04	99	20.57	90.70	-0.0142	0.2593	0.1760	0.1703	0.0348	0.0337	0.0246	0.0238	16	25
15.00	-3.85	-22.00	17:22:17	68	14.33	98.26	-0.0357	0.3169	0.2027	0.1585	0.0485	0.0379	0.0343	0.0268	16	19
15.00	-3.35	-22.00	17:22:29	70	14.32	96.45	-0.0200	0.3002	0.1684	0.1596	0.0397	0.0377	0.0281	0.0266	12	16
15.00	-2.85	-22.00	17:22:42	101	20.56	96.39	-0.0116	0.2679	0.1392	0.1514	0.0273	0.0297	0.0193	0.0210	12	16
15.00	-2.35	-22.00	17:22:54	99	20.05	97.52	-0.0500	0.2387	0.1600	0.1745	0.0317	0.0346	0.0224	0.0244	12	19
15.00	-1.85	-22.00	17:23:07	85	17.47	95.15	0.0231	0.1848	0.1524	0.2351	0.0326	0.0503	0.0230	0.0355	12	16
15.00	-1.35	-22.00	17:23:20	98	19.94	99.17	-0.0373	0.1277	0.1720	0.2127	0.0342	0.0423	0.0242	0.0299	16	22
15.00	-0.85	-22.00	17:23:33	106	21.92	95.46	0.0017	0.0916	0.1710	0.3005	0.0327	0.0575	0.0231	0.0406	12	16
15.00	-0.35	-22.00	17:23:46	91	18.55	95.02	-0.0102	-0.0621	0.1716	0.2790	0.0354	0.0576	0.0251	0.0408	16	25
15.00	0.15	-22.00	17:24:00	89	18.97	94.04	0.0208	-0.1006	0.1766	0.2734	0.0369	0.0571	0.0261	0.0404	19	22
15.00	0.65	-22.00	17:24:11	119	24.08	92.85	-0.0326	-0.1384	0.1609	0.2537	0.0290	0.0458	0.0205	0.0324	19	35
15.00	1.15	-22.00	17:24:23	83	17.25	97.63	0.0114	-0.1293	0.1498	0.2033	0.0324	0.0440	0.0229	0.0311	16	19
15.00	1.65	-22.00	17:24:36	79	16.33	95.76	0.0288	-0.2071	0.1238	0.1747	0.0275	0.0388	0.0194	0.0274	16	19
15.00	2.15	-22.00	17:24:49	67	14.25	92.64	0.0183	-0.2875	0.1678	0.1720	0.0405	0.0415	0.0286	0.0293	16	28
15.00	2.65	-22.00	17:25:02	67	13.46	93.24	0.0173	-0.2780	0.1602	0.1217	0.0387	0.0294	0.0273	0.0208	16	19
15.00	3.15	-22.00	17:25:14	95	19.13	96.55	0.0446	-0.3077	0.1739	0.1754	0.0352	0.0355	0.0249	0.0251	12	19
15.00	3.65	-22.00	17:25:26	99	19.91	95.41	0.0143	-0.3036	0.1507	0.1552	0.0298	0.0307	0.0211	0.0217	19	25
15.00	4.15	-22.00	17:25:40	97	20.44	93.39	-0.0177	-0.2946	0.1787	0.1663	0.0357	0.0333	0.0253	0.0235	12	22
15.00	4.65	-22.00	17:25:52	65	14.09	95.05	0.0195	-0.2964	0.1701	0.1874	0.0417	0.0459	0.0295	0.0325	12	16
15.00	5.15	-22.00	17:26:04	94	19.91	96.14	-0.0048	-0.2763	0.1853	0.1844	0.0377	0.0375	0.0266	0.0265	19	19
15.00	5.65	-22.00	17:26:16	82	17.56	85.22	-0.0197	-0.3144	0.2196	0.1867	0.0478	0.0407	0.0338	0.0288	16	19
15.00	6.15	-22.00	17:26:29	112	22.62	92.16	-0.0291	-0.3684	0.2338	0.2253	0.0435	0.0419	0.0308	0.0296	12	16
15.00	6.65	-22.00	17:26:42	87	17.79	95.97	-0.0057	-0.3491	0.2043	0.1936	0.0432	0.0409	0.0305	0.0289	12	19
15.00	7.15	-22.00	17:26:55	84	17.05	90.88	-0.0227	-0.3268	0.1956	0.2200	0.0421	0.0473	0.0298	0.0335	12	19
15.00	7.15	-22.50	17:27:07	67	13.92	95.98	-0.0625	-0.3271	0.2112	0.1753	0.0509	0.0423	0.0360	0.0299	16	22
15.00	6.65	-22.50	17:27:19	88	17.65	94.22	-0.0620	-0.3345	0.2055	0.1990	0.0432	0.0418	0.0305	0.0296	16	19
15.00	6.15	-22.50	17:27:31	100	20.53	91.84	-0.0477	-0.2639	0.2195	0.2148	0.0432	0.0423	0.0306	0.0299	16	22
15.00	5.65	-22.50	17:27:43	89	17.94	95.28	-0.0504	-0.2618	0.1938	0.2046	0.0405	0.0428	0.0286	0.0302	16	22
15.00	5.15	-22.50	17:27:56	81	17.01	96.50	-0.0253	-0.2372	0.1760	0.1895	0.0386	0.0415	0.0273	0.0294	16	19
15.00	4.65	-22.50	17:28:08	90	19.63	96.47	-0.0122	-0.2109	0.1653	0.1862	0.0343	0.0387	0.0243	0.0274	16	16
15.00	4.15	-22.50	17:28:22	87	17.46	94.80	-0.0223	-0.2572	0.1867	0.1672	0.0395	0.0353	0.0279	0.0250	16	19
15.00	3.65	-22.50	17:28:34	87	17.59	93.42	-0.0331	-0.2709	0.1795	0.1642	0.0379	0.0347	0.0268	0.0245	12	19
15.00	3.15	-22.50	17:28:48	95	20.73	96.06	-0.0548	-0.2459	0.1576	0.1628	0.0319	0.0329	0.0225	0.0233	12	16
15.00	2.65	-22.50	17:29:00	63	12.40	93.31	-0.0259	-0.2200	0.1595	0.1476	0.0397	0.0367	0.0281	0.0260	16	22
15.00	2.15	-22.50	17:29:12	93	18.75	93.96	-0.0662	-0.1917	0.1409	0.1886	0.0288	0.0385	0.0204	0.0273	12	19
15.00	1.65	-22.50	17:29:25	109	22.11	96.12	-0.0647	-0.1772	0.1551	0.1985	0.0292	0.0374	0.0207	0.0265	16	19
15.00	1.15	-22.50	17:29:38	111	22.35	92.24	-0.0473	-0.1430	0.1626	0.2219	0.0304	0.0415	0.0215	0.0293	12	22
15.00	0.65	-22.50	17:29:50	91	18.59	89.72	-0.0246	-0.1751	0.1744	0.2197	0.0360	0.0454	0.0255	0.0321	16	22
15.00	0.15	-22.50	17:30:03	85	17.21	95.20	-0.1172	-0.1085	0.1376	0.2390	0.0294	0.0511	0.0208	0.0361	19	22
15.00	-0.35	-22.50	17:30:15	107	21.51	93.44	-0.0998	0.0077	0.1886	0.2683	0.0359	0.0511	0.0254	0.0361	22	25
15.00	-0.85	-22.50	17:30:28	104	21.26	89.07	-0.1135	0.0626	0.1719	0.2585	0.0332	0.0499	0.0235	0.0353	16	22
15.00	-1.35	-22.50	17:30:41	107	21.66	89.76	-0.0711	0.0933	0.1696	0.2548	0.0323	0.0485	0.0228	0.0343	16	22
15.00	-1.85	-22.50	17:30:54	90	18.91	94.83	-0.0639	0.1654	0.1389	0.2144	0.0289	0.0445	0.0204	0.0315	12	22
15.00	-2.35	-22.50	17:31:07	85	17.34	93.58	-0.0208	0.2170	0.1552	0.1901	0.0332	0.0407	0.0235	0.0288	12	22
15.00	-2.85	-22.50	17:31:20	88	17.92	91.93	-0.0416	0.2433	0.1509	0.1695	0.0317	0.0356	0.0224	0.0252	12	16
15.00	-3.35	-22.50	17:31:33	77	16.00	93.49	-0.0613	0.2522	0.1731	0.2014	0.0389	0.0453	0.0275	0.0320	12	16
15.00	-3.85	-22.50	17:31:45	75	15.30	97.92	-0.0497	0.2757	0.1822	0.1741	0.0415	0.0397	0.0294	0.0280	12	19
15.00	-4.35	-22.50	17:31:58	98	20.19	96.62	-0.0598	0.2536	0.1766	0.1536	0.0351	0.0306	0.0248	0.0216	16	22
15.00	-4.85	-22.50	17:32:09	57	11.68	95.24	-0.0277	0.2149	0.1683	0.1703	0.0441	0.0446	0.0312	0.0315	12	16
15.00	-5.35	-22.50	17:32:22	89	19.07	94.74	-0.0464	0.2268	0.1519	0.1667	0.0317	0.0348	0.0224	0.0246	16	19
15.00	-5.85	-22.50	17:32:34	100	20.51	98.40	-0.0610	0.2313	0.1926	0.1939	0.0379	0.0382	0.0268	0.0270	16	19
15.00	-6.35	-22.50	17:32:47	115	23.13	90.42	-0.0558	0.2775	0.2076	0.2033	0.0381	0.0373	0.0270	0.0264	16	16
15.00	-6.85	-22.50	17:33:01	96	19.70	95.00	-0.0280	0.3340	0.1996	0.1882	0.0401	0.0378	0.0284	0.0268	16	28
15.00	-5.35	-23.00	17:33:18	59	12.27	97.50	-0.0903	0.1913	0.1931	0.2119	0.0497	0.0545	0.0351	0.0386	16	38
15.00	-4.85	-23.00	17:33:30	39	7.54	95.79	-0.0743	0.1521	0.1814	0.1826	0.0577	0.0580	0.0408	0.0410	16	28
15.00	-4.35	-23.00	17:33:42	73	14.92	97.46	-0.0683	0.1453	0.1903	0.1612	0.0440	0.0372	0.0311	0.0263	12	28
15.00	-3.85	-23.00	17:33:56	90	18.21	94.81	-0.0639	0.1858	0.2011	0.1459	0.0418	0.0303	0.0295	0.0214	12	22
15.00	-3.35	-23.00	17:34:09	80	16.80	94.98	-0.0601	0.1617	0.1668	0.1457	0.0368	0.0321	0.0260	0.0227	12	25
15.00	-2.85	-23.00	17:34:23	84	17.77	90.78	-0.1086	0.1268	0.1851	0.2146	0.0398	0.0462	0.0282	0.0326	12	22
15.00	-2.35	-23.00	17:34:36	101	20.36	95.25	-0.1013	0.0734	0.1504	0.2129	0.0295	0.0417	0.0208	0.0295	12	22
15.00	-1.85	-23.00	17:34:50	85	17.20	95.14	-0.1030	0.1062	0.1823	0.1994	0.0390	0.0426	0.0276	0.0301	12	19
15.00	-1.35	-23.00	17:35:04	98	19.88	93.39	-0.1327	0.1224	0.1848	0.1926	0.0368	0.0383	0.0260	0.0271	12	16
15.00	-0.85	-23.00	17:35:17	110	22.11	96.69	-0.1409	0.0326	0.1542	0.2625	0.0289	0.0493	0.0205	0.0348	16	22
15.00	-0.35	-23.00	17:35:31	98	20.78	93.45	-0.2056	0.0368	0.1836	0.2675	0.0365	0.0532	0.0258	0.0376	16	16
15.00	0.15	-23.00	17:35:43	112	22.69	88.37	-0.1346	-0.0796	0.1706	0.2448	0.0317	0.0455	0.0224	0.0322	16	25
15.00	0.65	-23.00	17:35:57	102	20.58	93.95	-0.0930	-0.0727	0.1997	0.2207	0.0389	0.0430	0.0275	0.0304	12	19
15.00	1.15	-23.00	17:36:09	76	15.14	96.08	-0.0939	-0.1028	0.1916	0.2061	0.0434	0.0467	0.0307	0.0330	12	19
15.00	1.65	-23.00	17:36:22	90	18.69	91.82	-0.1164	-0.1350	0.1515	0.1577	0.0315	0.0328	0.0223	0.0232	12	22
15.00	2.15	-23.00	17:36:35	95	19.53	98.71	-0.0846	-0.1420	0.1659	0.1768	0.0335	0.0357	0.0237	0.0253	12	19
15.00	2.65	-23.00	17:36:48	74	14.89	100.00	-0.0722	-0.1078	0.1595	0.1745	0.0366	0.0400	0.0259	0.0283	12	19
15.00	3.15	-23.00	17:37:00	79	15.91	95.76	-0.0666	-0.1680	0.1520	0.1552	0.0337	0.0344	0.0239	0.0244	12	19
15.00	3.65	-23.00	17:37:12	68	13.85	94.26	-0.0422	-0.2110	0.1730	0.1603	0.0414	0.0384	0.0293	0.0271	12	19
15.00	4.15	-23.00	17:37:24	84	17.00	92.41	-0.0622	-0.1562	0.1757	0.1682	0.0378	0.0362	0.0267	0.0256	16	25
15.00	4.65	-23.00	17:37:37	91	19.14	96.93	-0.0524	-0.1675	0.1728	0.1651	0.0357	0.0341	0.0252	0.0241	12	19
15.00	5.15	-23.00	17:37:50	123	25.29	93.60	-0.0824	-0.1463	0.1597	0.2093	0.0283	0.0371	0.0200	0.0263	12	19
15.00	4.15	-23.50	17:38:05	85	17.95	79.76	-0.1097	-0.1031	0.1935	0.1933	0.0414	0.0413	0.0293	0.0292	12	22
15.00	3.65	-23.50	17:38:18	69	14.15	91.58	-0.0408	-0.0585	0.1466	0.1543	0.0348	0.0367	0.0246	0.0259	12	22
15.00	3.15	-23.50	17:38:31	68	14.00	92.63	-0.0809	-0.0796	0.1608	0.1704	0.0385	0.0408	0.0272	0.0288	12	19
15.00	2.65	-23.50	17:38:44	68	14.09	94.92	-0.1268	-0.0346	0.1341	0.1767	0.0321	0.0423	0.0227	0.0299	12	19
15.00	2.15	-23.50	17:38:56	102	20.60	92.98	-0.0917	-0.0283	0.1836	0.1968	0.0358	0.0384	0.0253	0.0271	12	22
15.00	1.65	-23.50	17:39:08	106	21.38	92.53	-0.1362	-0.0615	0.1712	0.1921	0.0328	0.0367	0.0232	0.0260	12	16
15.00	1.15	-23.50	17:39:20	89	18.49	92.42	-0.1471	-0.0722	0.1755	0.2242	0.0367	0.0468	0.0259	0.0331	16	22
15.00	0.65	-23.50	17:39:33	109	22.11	95.60	-0.1435	-0.0242	0.2021	0.2214	0.0381	0.0418	0.0269	0.0295	16	16
15.00	0.15	-23.50	17:39:45	115	23.21	88.87	-0.2152	0.0041	0.1866	0.2612	0.0343	0.0479	0.0242	0.0339	16	19
15.00	-0.35	-23.50	17:39:58	85	17.62	94.88	-0.1911	0.0159	0.1824	0.2009	0.0390	0.0430	0.0276	0.0304	22	19
15.00	-0.85	-23.50	17:40:11	106	21.35	88.47	-0.1830	0.0092	0.2178	0.2536	0.0417	0.0485	0.0295	0.0343	12	16
15.00	-1.35	-23.50	17:40:23	107	21.82	93.02	-0.1525	0.0161	0.1916	0.2142	0.0365	0.0408	0.0258	0.0288	16	19
15.00	-1.85	-23.50	17:40:36	90	18.37	92.94	-0.1319	0.1190	0.1706	0.1826	0.0354	0.0379	0.0251	0.0268	12	19
15.00	-2.35	-23.50	17:40:48	87	17.94	95.80	-0.1353	0.0512	0.1725	0.1992	0.0365	0.0421	0.0258	0.0298	12	16
15.00	-2.85	-23.50	17:41:01	93	18.87	95.79	-0.1441	0.0801	0.1589	0.1939	0.0325	0.0396	0.0230	0.0280	12	16
15.00	-3.35	-23.50	17:41:13	71	14.91	87.48	-0.0831	0.1054	0.1841	0.1958	0.0431	0.0459	0.0305	0.0324	16	25
15.00	-3.85	-23.50	17:41:26	89	18.09	97.88	-0.1200	0.0670	0.1682	0.1746	0.0351	0.0365	0.0248	0.0258	12	16
15.00	-3.35	-24.00	17:41:39	102	21.02	88.80	-0.1069	-0.0424	0.1650	0.1476	0.0322	0.0288	0.0228	0.0204	12	19
15.00	-2.85	-24.00	17:41:52	87	17.92	96.75	-0.1218	0.0230	0.1869	0.1889	0.0395	0.0399	0.0279	0.0282	12	22
15.00	-2.35	-24.00	17:42:05	120	24.19	96.74	-0.1543	-0.0010	0.2053	0.2051	0.0369	0.0368	0.0261	0.0261	12	19
15.00	-1.85	-24.00	17:42:19	110	22.26	91.50	-0.1460	0.0057	0.1936	0.1966	0.0363	0.0369	0.0257	0.0261	12	19
15.00	-1.35	-24.00	17:42:31	106	21.47	91.26	-0.2256	0.0176	0.2032	0.1929	0.0389	0.0369	0.0275	0.0261	12	22
15.00	-0.85	-24.00	17:42:44	118	23.75	96.41	-0.1938	-0.0129	0.1790	0.2591	0.0324	0.0469	0.0229	0.0332	19	16
15.00	-0.35	-24.00	17:42:56	101	21.45	94.75	-0.2553	0.0072	0.1852	0.2195	0.0363	0.0430	0.0257	0.0304	12	16
15.00	0.15	-24.00	17:43:09	88	18.08	92.66	-0.1843	0.0088	0.2102	0.2388	0.0442	0.0502	0.0312	0.0355	19	19
15.00	0.65	-24.00	17:43:22	114	24.11	94.04	-0.1579	-0.0414	0.2016	0.2241	0.0372	0.0413	0.0263	0.0292	16	16
15.00	1.15	-24.00	17:43:34	117	23.51	81.94	-0.0907	0.0147	0.2120	0.2026	0.0386	0.0369	0.0273	0.0261	12	19
15.00	1.65	-24.00	17:43:46	121	24.71	72.24	-0.1406	0.0332	0.2184	0.2084	0.0391	0.0373	0.0276	0.0264	16	16
15.00	2.15	-24.00	17:43:58	112	22.50	91.65	-0.1307	-0.0175	0.1660	0.2025	0.0309	0.0377	0.0218	0.0266	12	25
15.00	2.65	-24.00	17:44:10	79	16.64	95.83	-0.1210	0.0433	0.1944	0.1768	0.0431	0.0392	0.0305	0.0278	12	19
15.00	3.15	-24.00	17:44:23	67	13.69	97.15	-0.1063	0.0112	0.1747	0.1568	0.0422	0.0378	0.0298	0.0267	12	19
15.00	2.65	-24.50	17:44:35	74	14.91	91.85	-0.1577	0.0881	0.1837	0.1668	0.0421	0.0383	0.0298	0.0271	16	16
15.00	2.15	-24.50	17:44:48	85	16.81	88.87	-0.1153	0.0710	0.1753	0.1646	0.0375	0.0352	0.0265	0.0249	22	19
15.00	1.65	-24.50	17:45:02	131	26.25	95.47	-0.1428	0.0329	0.1853	0.1960	0.0319	0.0337	0.0225	0.0238	12	19
15.00	1.15	-24.50	17:45:15	116	24.15	89.63	-0.1646	-0.0198	0.2104	0.1986	0.0385	0.0363	0.0272	0.0257	12	19
15.00	0.65	-24.50	17:45:28	112	22.32	95.50	-0.1993	0.0112	0.2278	0.2123	0.0424	0.0395	0.0300	0.0279	12	16
15.00	0.15	-24.50	17:45:41	114	23.43	95.81	-0.1795	0.0109	0.2297	0.2642	0.0424	0.0487	0.0299	0.0344	16	19
15.00	-0.35	-24.50	17:45:53	104	21.05	84.39	-0.2213	0.0128	0.2091	0.2494	0.0404	0.0482	0.0286	0.0341	12	16
15.00	-0.85	-24.50	17:46:05	89	17.96	94.28	-0.2663	-0.0129	0.1840	0.2607	0.0384	0.0545	0.0272	0.0385	16	19
15.00	-1.35	-24.50	17:46:18	108	21.90	88.66	-0.2360	-0.0402	0.2152	0.2026	0.0408	0.0384	0.0288	0.0271	16	22
15.00	-1.85	-24.50	17:46:30	106	21.98	95.34	-0.1488	-0.0399	0.1942	0.2199	0.0371	0.0421	0.0263	0.0297	12	19
15.00	-2.35	-24.50	17:46:43	95	19.37	87.94	-0.1628	-0.0605	0.1912	0.2030	0.0387	0.0410	0.0273	0.0290	22	19
15.00	-2.85	-24.50	17:46:55	110	22.63	91.68	-0.1582	-0.0057	0.1518	0.1826	0.0285	0.0343	0.0201	0.0242	16	22
15.00	-2.35	-25.00	17:47:08	91	18.49	92.13	-0.1295	-0.0639	0.1996	0.1889	0.0412	0.0390	0.0292	0.0276	16	22
15.00	-1.85	-25.00	17:47:21	116	24.40	82.45	-0.2055	-0.0678	0.1921	0.2010	0.0351	0.0367	0.0248	0.0260	12	16
15.00	-1.35	-25.00	17:47:33	105	21.59	92.63	-0.2508	0.0064	0.2040	0.2099	0.0392	0.0403	0.0277	0.0285	16	16
15.00	-0.85	-25.00	17:47:45	102	20.48	96.23	-0.2619	-0.0584	0.1883	0.2167	0.0367	0.0423	0.0260	0.0299	12	16
15.00	-0.35	-25.00	17:47:58	109	22.34	94.25	-0.2559	0.0360	0.2301	0.2482	0.0434	0.0468	0.0307	0.0331	12	19
15.00	0.15	-25.00	17:48:11	97	20.23	91.95	-0.2022	-0.0123	0.2648	0.2441	0.0530	0.0488	0.0375	0.0345	12	19
15.00	0.65	-25.00	17:48:24	107	22.10	92.46	-0.1849	0.0213	0.1846	0.2491	0.0351	0.0474	0.0249	0.0335	19	22
15.00	1.15	-25.00	17:48:36	97	19.88	87.08	-0.2089	0.0192	0.2043	0.2020	0.0409	0.0404	0.0289	0.0286	19	19
15.00	1.65	-25.00	17:48:48	114	22.90	96.21	-0.1884	0.0853	0.1903	0.1739	0.0351	0.0321	0.0248	0.0227	16	25
15.00	2.15	-25.00	17:49:00	111	22.54	94.55	-0.1666	0.0897	0.1673	0.1682	0.0313	0.0314	0.0221	0.0222	16	25
15.00	2.15	-25.50	17:49:13	101	20.57	83.49	-0.1859	0.0859	0.2555	0.2101	0.0501	0.0412	0.0354	0.0291	22	28
15.00	1.65	-25.50	17:49:25	110	22.53	89.78	-0.1873	0.0680	0.1595	0.1745	0.0299	0.0328	0.0212	0.0232	16	22
15.00	1.15	-25.50	17:49:38	105	21.39	95.35	-0.1933	0.0481	0.1835	0.1812	0.0353	0.0348	0.0249	0.0246	19	19
15.00	0.65	-25.50	17:49:51	105	21.74	86.70	-0.2158	0.0581	0.1985	0.2304	0.0382	0.0443	0.0270	0.0313	12	16
15.00	0.15	-25.50	17:50:04	113	23.26	71.01	-0.2637	0.0214	0.2053	0.2211	0.0380	0.0409	0.0269	0.0290	19	19
15.00	-0.35	-25.50	17:50:16	95	19.16	97.23	-0.2391	-0.0035	0.1932	0.2105	0.0391	0.0425	0.0276	0.0301	16	16
15.00	-0.85	-25.50	17:50:28	97	19.99	91.97	-0.2890	-0.0208	0.2097	0.2015	0.0420	0.0403	0.0297	0.0285	12	19
15.00	-1.35	-25.50	17:50:40	85	17.75	95.78	-0.2487	-0.0430	0.2505	0.2329	0.0536	0.0498	0.0379	0.0352	16	16
15.00	-1.85	-25.50	17:50:53	103	21.22	94.85	-0.2100	-0.0502	0.2014	0.1728	0.0391	0.0335	0.0276	0.0237	12	22
15.00	-1.85	-26.00	17:51:05	123	25.18	96.82	-0.2064	-0.0658	0.1771	0.1835	0.0314	0.0326	0.0222	0.0230	12	25
15.00	-1.35	-26.00	17:51:17	104	21.41	94.74	-0.2487	-0.0375	0.1961	0.2073	0.0379	0.0400	0.0268	0.0283	16	16
15.00	-0.85	-26.00	17:51:30	125	25.24	94.22	-0.2852	0.0028	0.1771	0.2232	0.0312	0.0393	0.0220	0.0278	9	16
15.00	-0.35	-26.00	17:51:43	122	25.14	90.89	-0.2754	0.0210	0.2040	0.2010	0.0363	0.0358	0.0257	0.0253	16	16
15.00	0.15	-26.00	17:51:55	107	22.35	94.83	-0.2032	-0.0013	0.1979	0.1920	0.0377	0.0366	0.0266	0.0258	22	19
15.00	0.65	-26.00	17:52:08	113	22.83	93.16	-0.2063	0.0594	0.1940	0.1977	0.0359	0.0366	0.0254	0.0259	12	22
15.00	1.15	-26.00	17:52:20	119	24.11	94.90	-0.2054	0.0648	0.2138	0.1960	0.0386	0.0354	0.0273	0.0250	19	19
15.00	1.65	-26.00	17:52:33	103	21.55	90.36	-0.1906	0.0807	0.2037	0.2047	0.0395	0.0397	0.0280	0.0281	16	32
15.00	1.65	-26.50	17:52:46	111	22.75	86.61	-0.2367	0.0896	0.2501	0.2211	0.0467	0.0413	0.0330	0.0292	16	73
15.00	1.15	-26.50	17:52:59	109	22.24	70.36	-0.2068	0.0768	0.1961	0.1932	0.0370	0.0364	0.0262	0.0258	22	28
15.00	0.65	-26.50	17:53:11	108	21.71	92.41	-0.2306	0.0322	0.2053	0.1996	0.0389	0.0378	0.0275	0.0267	12	19
15.00	0.15	-26.50	17:53:23	122	25.34	96.37	-0.2572	0.0012	0.2029	0.1968	0.0362	0.0351	0.0256	0.0248	19	19
15.00	-0.35	-26.50	17:53:35	131	26.51	96.79	-0.2662	0.0560	0.2150	0.1913	0.0370	0.0329	0.0261	0.0233	19	19
15.00	-0.85	-26.50	17:53:47	112	22.70	93.63	-0.2751	-0.0053	0.2206	0.1987	0.0410	0.0370	0.0290	0.0261	12	16
15.00	-1.35	-26.50	17:54:00	122	24.78	90.86	-0.2726	-0.0198	0.1683	0.2057	0.0300	0.0367	0.0212	0.0259	19	22
15.00	-1.35	-27.00	17:54:12	111	22.84	91.06	-0.2827	-0.0276	0.1989	0.1873	0.0372	0.0350	0.0263	0.0248	19	25
15.00	-0.85	-27.00	17:54:24	110	22.42	95.07	-0.2722	-0.0217	0.1783	0.1826	0.0335	0.0343	0.0237	0.0242	12	19
15.00	-0.35	-27.00	17:54:37	105	21.48	98.02	-0.2566	0.0228	0.1939	0.2147	0.0373	0.0413	0.0264	0.0292	19	25
15.00	0.15	-27.00	17:54:49	138	28.22	97.10	-0.2587	0.0608	0.1991	0.2093	0.0333	0.0351	0.0236	0.0248	19	19
15.00	0.65	-27.00	17:55:01	118	24.36	97.24	-0.2229	0.0660	0.1779	0.1848	0.0322	0.0335	0.0228	0.0237	12	22
15.00	1.15	-27.00	17:55:14	110	23.14	92.83	-0.2140	0.0694	0.1998	0.2331	0.0375	0.0438	0.0265	0.0309	16	28
15.00	1.15	-27.50	17:55:28	95	20.56	68.00	-0.2001	0.0749	0.2390	0.1924	0.0483	0.0389	0.0342	0.0275	16	28
15.00	0.65	-27.50	17:55:40	106	21.40	94.87	-0.2736	0.0409	0.1744	0.1903	0.0334	0.0364	0.0236	0.0257	19	22
15.00	0.15	-27.50	17:55:53	121	25.02	94.89	-0.2519	0.0954	0.1833	0.2158	0.0328	0.0386	0.0232	0.0273	16	25
15.00	-0.35	-27.50	17:56:05	100	20.42	95.32	-0.2537	0.0854	0.2052	0.1678	0.0404	0.0331	0.0286	0.0234	16	28
15.00	-0.85	-27.50	17:56:18	104	20.95	94.00	-0.2514	0.0130	0.2210	0.2091	0.0427	0.0404	0.0302	0.0286	12	22
15.00	-1.35	-27.50	17:56:30	142	30.23	89.79	-0.2374	-0.0160	0.2211	0.2085	0.0365	0.0344	0.0258	0.0243	16	25
15.00	-0.85	-28.00	17:56:43	111	22.61	93.89	-0.2815	-0.0342	0.2147	0.2053	0.0401	0.0384	0.0284	0.0271	12	22
15.00	-0.35	-28.00	17:56:57	104	21.34	87.95	-0.2176	0.0839	0.1995	0.2048	0.0385	0.0396	0.0272	0.0280	16	25
15.00	0.15	-28.00	17:57:10	129	26.35	89.78	-0.2504	0.0632	0.2131	0.2161	0.0369	0.0374	0.0261	0.0265	12	22
15.00	0.65	-28.00	17:57:23	119	23.90	96.40	-0.2330	0.0669	0.2180	0.1756	0.0393	0.0317	0.0278	0.0224	16	28
15.00	1.15	-28.00	17:57:37	115	23.55	93.06	-0.1689	0.0731	0.2598	0.1774	0.0477	0.0326	0.0337	0.0230	19	19
15.00	1.15	-28.50	17:57:49	127	25.18	89.63	-0.1388	0.1362	0.2514	0.1871	0.0439	0.0327	0.0310	0.0231	16	19
15.00	0.65	-28.50	17:58:02	118	23.84	91.48	-0.2323	0.1311	0.1994	0.2056	0.0361	0.0373	0.0255	0.0263	19	25
15.00	0.15	-28.50	17:58:15	107	21.69	93.08	-0.2247	0.0885	0.1990	0.2135	0.0379	0.0406	0.0268	0.0287	12	19
15.00	-0.35	-28.50	17:58:27	105	21.35	83.47	-0.2465	0.0439	0.2467	0.2184	0.0474	0.0420	0.0335	0.0297	12	22
15.00	-0.85	-28.50	17:58:41	122	24.66	92.01	-0.2377	0.0148	0.2400	0.2248	0.0428	0.0401	0.0302	0.0283	16	22
