1	17.877	18.8	0.0732	0.3114
2	226.432	17.1	-0.1632	0.0940
3	295.661	39.3	-0.2863	-0.0706
4	330.378	11.9	0.1668	0.0031
5	375.874	32.4	0.1779	-0.0707
6	450.725	22.2	-0.1119	-0.0024
7	454.992	41.0	0.1800	0.0200
8	485.770	63.1	0.2188	0.0602
9	507.117	24.7	0.2643	-0.0644
10	531.130	75.1	0.4394	-0.0292
11	585.320	54.6	-0.0033	0.1273
12	585.361	20.5	-0.0105	0.1565
13	585.378	3.4	-0.0176	0.1082
14	663.110	91.3	0.1558	-0.0601
15	688.655	36.7	0.1831	0.0197
16	699.817	64.0	0.2140	0.0581
17	781.600	40.1	0.0964	-0.1929
18	882.505	69.1	0.3167	0.1726
19	910.979	69.1	-0.0963	-0.0984
20	1031.326	51.2	0.1357	0.1168
21	1072.191	165.5	-0.0525	-0.0150
22	1082.284	29.9	0.0700	0.2027
23	1121.988	54.6	0.2200	0.1293
24	1122.042	30.7	0.2081	0.1367
25	1170.177	99.8	0.0991	0.0172
26	1203.229	24.7	0.2061	0.0229
27	1223.763	58.9	0.0666	0.0241
28	1223.811	13.7	0.0608	0.0469
29	1246.223	52.9	0.1843	-0.0681
30	1284.889	40.1	0.3564	0.1359
31	1284.923	18.8	0.3449	0.1258
32	1397.990	29.0	0.2112	0.1249
33	1445.780	24.7	-0.1510	-0.0259
34	1461.457	40.1	0.2713	-0.0227
35	1494.970	45.2	0.1144	0.1018
36	1624.168	23.0	-0.1349	-0.0496
37	1624.243	73.4	-0.1477	-0.0538
38	1643.313	36.7	0.1825	0.0088
39	1643.344	11.9	0.1812	0.0514
40	1664.646	28.2	-0.1774	0.1183
41	1695.759	14.5	0.2947	0.1090
42	1701.992	130.6	-0.0857	-0.0153
43	1734.039	68.3	0.0905	-0.1066
44	1734.091	25.6	0.0854	-0.1047
45	1735.070	24.7	-0.0048	0.2446
46	1735.094	17.1	-0.0310	0.2374
47	1735.128	50.3	-0.0392	0.2693
48	1758.417	17.1	-0.2560	-0.1706
49	1761.476	79.4	0.1558	-0.0075
50	1797.746	84.5	0.1560	0.1018
51	1833.634	40.1	-0.1446	0.1234
52	1852.922	65.7	0.0332	0.0670
53	1864.135	140.8	0.0675	0.0963
54	1871.187	43.5	-0.0352	-0.0496
55	1871.614	57.2	-0.0027	-0.0254
56	1976.383	70.8	0.1675	0.1202
57	1976.437	32.4	0.1658	0.1422
58	2187.002	98.1	0.0493	0.2295
59	2265.410	79.4	-0.0954	0.2129
60	2274.995	74.2	0.2695	0.1025
61	2380.269	50.3	0.1467	0.1075
62	2382.115	34.1	-0.1710	-0.0930
63	2382.160	39.3	-0.1889	-0.0954
64	2476.648	70.0	0.2854	0.0674
65	2510.447	94.7	-0.0835	0.2554
66	2527.141	12.8	0.0794	-0.1031
67	2631.057	90.5	0.2943	0.0629
68	2728.077	53.8	0.2108	0.0032
69	2728.139	42.7	0.1808	0.0050
70	2749.288	46.9	0.1157	0.2070
71	2765.303	58.9	0.0780	0.2048
72	2767.156	86.2	0.3788	0.0044
73	2769.467	13.7	0.2130	-0.0493
74	2775.622	72.5	0.2241	-0.0902
75	2787.899	30.7	-0.2529	-0.1067
76	2787.923	12.8	-0.2705	-0.0955
77	2805.215	10.2	0.0936	0.1062
78	2805.232	13.7	0.0917	0.1354
79	2805.249	17.1	0.0870	0.1115
80	2805.287	46.9	0.0873	0.1092
81	2821.015	86.2	0.1838	0.1966
82	2869.604	45.2	0.2735	0.2611
83	2877.492	83.6	0.3927	0.0052
84	2884.234	60.6	0.0810	-0.1804
85	2946.172	72.5	0.1674	0.0025
86	2949.029	137.4	0.1065	0.0143
87	2979.718	15.4	0.3928	-0.2116
88	2980.582	24.7	0.2743	-0.1422
89	2980.606	11.9	0.2867	-0.1181
90	2980.664	37.5	0.2622	-0.1333
91	2980.695	18.8	0.2409	-0.1307
92	3003.243	34.1	-0.1618	0.3436
93	3003.298	20.5	-0.1674	0.3641
94	3022.726	77.7	0.1715	-0.0988
95	3037.496	38.4	0.1357	0.0441
96	3038.878	25.6	0.0910	0.0227
97	3045.323	59.7	0.2253	0.2892
98	3219.392	96.4	0.1899	0.0105
99	3223.181	53.8	0.3266	-0.0658
100	3244.982	13.7	0.1694	0.0036
101	3248.539	70.8	0.2686	0.0024
102	3260.571	50.3	0.0859	0.0201
103	3349.673	58.9	0.1746	0.0676
104	3371.248	127.1	-0.1140	0.2341
105	3402.511	116.9	0.3057	0.0614
106	3421.226	57.2	0.2302	0.1208
107	3717.050	66.6	0.0562	0.0715
108	3718.412	48.6	0.2351	0.1148
109	3725.935	74.2	-0.0213	0.0700
110	3791.044	23.9	0.0472	-0.0327
111	3814.111	38.4	-0.2916	0.1870
112	3925.331	11.9	0.0072	-0.1690
113	3981.194	30.7	0.1931	-0.0505
114	3993.990	74.2	0.0629	0.0504
115	4058.769	58.9	-0.0799	-0.2086
116	4096.254	45.2	0.2348	-0.0716
117	4098.473	75.9	0.0094	0.2089
118	4146.799	64.0	-0.0973	0.0028
119	4164.572	26.5	0.2810	0.0334
120	4203.552	41.0	-0.1899	0.0726
121	4218.011	28.2	0.2928	0.1172
122	4355.630	10.2	0.2576	0.1688
123	4370.508	48.6	0.1911	0.0622
124	4386.671	87.9	-0.3206	0.0424
125	4434.368	35.8	0.0677	0.0042
126	4467.628	20.5	0.3636	-0.0990
127	4467.662	27.3	0.3409	-0.1077
128	4561.751	115.2	0.0920	-0.0866
129	4578.609	64.0	0.1959	0.1219
130	4611.032	75.9	0.1004	-0.0639
131	4622.580	56.3	0.2430	-0.0441
132	4622.624	17.1	0.2447	-0.0358
133	4632.724	43.5	0.0457	0.1688
134	4634.775	18.8	0.0179	-0.0555
135	4652.296	17.1	-0.0358	0.0142
136	4756.986	35.8	-0.2278	-0.0498
137	4771.097	52.9	0.1348	0.1037
138	4799.953	75.9	0.1026	-0.1419
139	4885.000	81.9	-0.1871	-0.0230
140	4904.163	17.9	0.3330	-0.1172
141	4909.405	21.3	-0.1006	0.0077
142	4911.580	101.5	-0.1872	0.0179
143	4950.379	163.0	0.1338	-0.0076
144	4996.637	55.5	-0.1807	-0.1111
145	4996.671	33.3	-0.1749	-0.1111
