1	74.873	59.7	0.1598	0.2083
2	112.286	13.7	0.3301	0.1634
3	143.839	114.3	0.1702	-0.1197
4	150.246	30.7	0.3714	-0.4716
5	177.993	70.0	0.1968	0.2879
6	215.816	73.4	0.2401	-0.0631
7	339.990	52.9	0.2660	-0.2736
8	370.116	42.7	0.4582	-0.1670
9	444.465	18.8	0.2083	-0.4084
10	509.134	49.5	0.2390	-0.1804
11	560.361	59.7	0.2479	0.2068
12	603.881	27.3	0.1430	0.0840
13	606.250	15.4	0.0713	0.1572
14	606.295	22.2	0.0744	0.1694
15	606.346	49.5	0.0484	0.1630
16	657.495	70.0	0.0158	-0.3159
17	666.281	25.6	0.2343	-0.1854
18	666.304	18.8	0.2634	-0.1854
19	714.146	36.7	0.0497	0.0294
20	738.367	46.1	0.3538	-0.2467
21	818.730	11.9	0.3403	-0.1164
22	833.592	61.4	0.1965	-0.2946
23	849.798	58.9	0.0478	-0.0005
24	905.043	11.9	-0.0801	-0.2317
25	911.825	80.2	0.0877	0.2648
26	972.849	70.0	0.1710	0.2758
27	986.321	13.7	-0.0157	-0.0403
28	1070.511	31.6	0.2487	0.0759
29	1119.455	44.4	0.5303	0.0853
30	1153.353	38.4	0.5403	0.0428
31	1181.462	11.1	0.3984	0.1113
32	1181.516	61.4	0.3847	0.1089
33	1184.397	70.0	-0.0156	0.2028
34	1191.992	97.3	0.2553	-0.0263
35	1243.014	46.9	0.4343	0.1812
36	1264.839	42.7	0.4341	-0.1278
37	1267.590	58.9	0.2164	-0.3392
38	1406.271	41.8	0.2199	-0.1656
39	1407.988	33.3	0.3159	0.2858
40	1416.053	13.7	0.2576	0.2358
41	1416.077	19.6	0.2853	0.2220
42	1432.656	72.5	0.3049	-0.0736
43	1438.796	52.1	0.1977	-0.3166
44	1447.231	72.5	0.1365	0.1506
45	1529.437	6.0	0.1201	-0.3512
46	1574.422	57.2	0.1952	0.4581
47	1579.815	43.5	0.4298	0.0527
48	1631.288	8.5	0.1091	0.1670
49	1633.763	52.1	0.4351	-0.3818
50	1652.341	50.3	-0.0195	-0.0027
51	1707.115	50.3	0.0976	0.3247
52	1707.200	42.7	0.0966	0.3271
53	1732.507	59.7	0.2235	0.1075
54	1743.518	56.3	0.0294	-0.0480
55	1743.576	41.8	0.0238	-0.0604
56	1747.604	111.8	-0.0001	-0.0458
57	1816.990	35.0	-0.3780	0.2802
58	1825.623	69.1	0.1419	-0.0462
59	1955.732	10.2	0.2617	-0.2024
60	1990.159	52.1	0.4538	-0.0334
61	2008.297	69.1	0.2131	-0.2873
62	2017.612	20.5	0.1763	-0.1654
63	2023.961	64.9	0.3799	-0.2019
64	2084.090	40.1	0.2128	-0.1524
65	2091.009	35.0	0.2603	0.1198
66	2165.242	40.1	0.2820	0.1229
67	2223.761	29.9	0.1220	-0.0034
68	2223.802	33.3	0.1411	-0.0034
69	2231.434	115.2	0.1057	0.1131
70	2243.415	40.1	0.1892	-0.1507
71	2263.024	46.9	0.2527	-0.0522
72	2274.592	62.3	0.3523	0.3319
73	2304.725	45.2	0.2209	-0.5448
74	2348.064	45.2	0.0633	0.1769
75	2354.652	41.8	0.1632	-0.3383
76	2373.207	47.8	0.1126	0.1106
77	2403.664	33.3	0.1041	-0.2554
78	2411.460	43.5	0.2939	-0.0022
79	2474.054	62.3	0.2249	0.2203
80	2501.196	43.5	0.1921	-0.4296
81	2513.959	93.9	0.2365	0.3296
82	2531.985	23.0	0.0689	-0.1074
83	2566.650	58.9	0.1517	0.1316
84	2616.772	68.3	0.4064	0.2283
85	2616.953	20.5	0.3307	0.3355
86	2616.983	29.0	0.3271	0.3335
87	2650.038	11.1	0.3692	0.1498
88	2682.530	41.0	0.1526	-0.0374
89	2682.574	38.4	0.1685	-0.0351
90	2708.713	28.2	0.3123	-0.0676
91	2738.488	70.8	0.2305	-0.0731
92	2863.573	11.9	0.0526	0.0227
93	2923.651	41.8	0.2647	0.2552
94	2974.568	11.9	0.2499	0.1835
95	2974.595	25.6	0.2568	0.1867
96	2974.622	17.9	0.2517	0.1809
97	3077.172	29.9	0.0672	0.0466
98	3127.202	101.5	-0.0205	-0.0791
99	3130.997	9.4	0.3632	-0.0541
100	3145.767	8.5	0.2219	-0.1145
101	3173.456	21.3	0.2044	0.0085
102	3305.999	67.4	0.2846	-0.1447
103	3394.585	37.5	0.4218	-0.3304
104	3421.189	87.9	0.1383	-0.0177
105	3421.260	42.7	0.1254	0.0053
106	3440.638	17.9	0.2929	-0.3269
107	3440.658	20.5	0.2999	-0.2898
108	3450.775	29.9	0.1832	0.5140
109	3461.500	41.8	0.3514	-0.0745
110	3558.715	41.8	0.3591	-0.0188
111	3738.816	59.7	0.2744	0.3622
112	3839.936	68.3	0.2644	-0.2351
113	3844.910	17.1	0.0646	-0.0188
114	3855.167	9.4	0.4213	0.4292
115	3865.813	24.7	0.1237	-0.1751
116	3872.032	45.2	0.2688	0.3868
117	3937.445	48.6	0.1479	0.3244
118	4056.820	26.5	0.2943	0.3241
119	4057.932	46.9	0.2910	-0.0510
120	4080.972	22.2	0.2218	0.1224
121	4100.097	32.4	0.2326	-0.3323
122	4164.606	61.4	0.2673	-0.2705
123	4164.643	11.1	0.2590	-0.2766
124	4248.359	84.5	0.1097	-0.1841
125	4293.903	72.5	0.0866	-0.0592
126	4358.326	41.0	0.4454	-0.0050
127	4400.730	64.9	0.3602	-0.1467
128	4499.618	39.3	0.3254	0.0682
129	4560.785	60.6	0.0701	0.2119
130	4615.538	33.3	0.3020	0.2040
131	4626.321	41.8	0.2763	0.3100
132	4633.939	12.8	0.3034	-0.5543
133	4642.626	56.3	0.2804	-0.0547
134	4680.531	35.0	0.2064	-0.0991
135	4739.746	81.9	0.1610	0.2839
136	4760.017	46.9	0.1168	-0.3133
137	4796.032	159.6	0.1326	-0.1378
138	4820.355	63.1	0.3779	-0.1534
139	4838.258	12.8	0.4665	0.0492
140	4896.749	52.1	0.2968	0.3417
141	4929.541	75.9	0.1991	0.1505
142	4936.313	10.2	0.2089	0.3565
143	4969.053	33.3	0.2818	-0.1930
