1	44.368	114.3	0.3646	-0.0054
2	47.467	42.7	0.2168	-0.0327
3	47.515	37.5	0.1746	-0.0490
4	47.549	29.0	0.1477	-0.0715
5	138.958	47.8	0.4246	-0.0520
6	208.699	13.7	0.0691	-0.0300
7	250.676	71.7	0.2944	0.1060
8	274.696	83.6	0.1258	0.1824
9	350.970	61.4	0.2894	-0.1035
10	397.590	39.3	0.1536	-0.0478
11	451.360	8.5	0.3470	0.1032
12	451.377	13.7	0.3718	0.1059
13	477.175	46.1	0.0560	0.0347
14	511.343	18.8	0.3047	0.1230
15	511.663	78.5	0.2994	-0.0213
16	539.096	13.7	0.2647	-0.1072
17	566.512	58.0	0.3749	-0.3060
18	612.213	22.2	0.0050	-0.0252
19	612.319	34.1	0.0222	-0.0143
20	612.381	39.3	0.0157	-0.0218
21	655.447	81.9	0.2487	0.0516
22	668.277	34.1	0.2685	0.1035
23	668.632	35.8	0.0491	-0.1426
24	683.272	34.1	0.2412	-0.1374
25	688.293	35.8	0.2970	-0.2016
26	711.535	58.0	0.0937	-0.1097
27	783.218	44.4	0.1837	0.0549
28	783.331	107.5	0.1738	0.0571
29	811.037	70.0	0.2386	0.0444
30	818.761	80.2	0.2479	-0.0210
31	906.863	30.7	0.2319	0.1501
32	906.961	15.4	0.2087	0.0563
33	956.390	18.8	0.1543	0.1367
34	956.424	23.9	0.1428	0.1398
35	961.339	25.6	0.2474	0.0990
36	988.588	35.8	0.3583	-0.0821
37	1008.802	63.1	-0.0162	-0.0851
38	1009.600	110.9	-0.0008	0.0592
39	1099.429	93.9	0.2303	0.2023
40	1214.670	14.5	0.1943	-0.0892
41	1216.035	111.8	0.1823	-0.0191
42	1267.307	21.3	0.2899	0.0520
43	1302.372	123.7	0.1090	0.0680
44	1305.741	43.5	0.4310	-0.1110
45	1315.179	46.9	0.2159	0.0872
46	1320.890	110.1	0.0635	0.1711
47	1379.572	120.3	0.0460	0.0970
48	1393.519	140.8	0.2575	0.0133
49	1433.280	28.2	0.1183	-0.0978
50	1438.981	90.5	0.1186	-0.0899
51	1453.907	63.1	0.2517	-0.2573
52	1457.853	71.7	0.2417	-0.0310
53	1488.279	116.9	0.2896	0.0516
54	1492.369	99.8	0.2845	-0.0241
55	1494.533	7.7	0.3304	-0.0800
56	1494.608	55.5	0.3176	-0.0048
57	1534.923	18.8	0.5031	0.1969
58	1537.466	81.1	0.4271	-0.0604
59	1543.678	33.3	0.3829	-0.2065
60	1553.655	75.9	0.2460	-0.0737
61	1593.840	18.8	0.2651	-0.1916
62	1593.878	20.5	0.2584	-0.1695
63	1593.919	11.9	0.2554	-0.1462
64	1654.393	28.2	0.2257	0.1288
65	1686.174	58.9	0.1707	-0.1597
66	1730.217	21.3	0.3475	0.0939
67	1799.794	35.0	0.3732	-0.3996
68	1815.120	81.9	0.3743	-0.1001
69	1822.732	60.6	0.1601	-0.0496
70	1901.054	52.1	0.3604	0.0387
71	2165.113	72.5	0.2794	0.0199
72	2202.407	51.2	0.2210	-0.0724
73	2219.217	25.6	0.2591	0.1419
74	2236.458	20.5	0.1356	0.0706
75	2294.164	45.2	0.1746	0.1099
76	2452.512	48.6	0.5934	-0.0585
77	2470.138	96.4	0.2623	-0.0527
78	2537.422	48.6	0.1625	-0.3149
79	2577.607	145.9	0.2159	0.0333
80	2596.715	94.7	0.2741	-0.0047
81	2600.186	132.3	0.1653	-0.0990
82	2606.385	28.2	0.4331	-0.0939
83	2664.958	61.4	0.2022	-0.2166
84	2668.545	61.4	0.2980	0.0218
85	2684.513	7.7	0.1854	0.0711
86	2687.848	50.3	0.2595	-0.0126
87	2701.139	55.5	0.2728	0.1269
88	2735.727	82.8	0.0904	0.0348
89	2765.795	43.5	0.1442	0.1625
90	2765.842	41.0	0.1359	0.1281
91	2770.996	88.7	-0.0364	-0.2086
92	2790.797	103.3	0.2149	-0.1382
93	2875.328	45.2	0.3192	-0.1167
94	2975.875	86.2	0.3524	-0.0030
95	2981.377	35.8	0.4856	-0.0344
96	2984.808	56.3	0.1913	0.0990
97	2984.845	8.5	0.1843	0.1859
98	3059.857	35.0	0.0219	0.0767
99	3107.432	53.8	0.7152	-0.0087
100	3159.615	48.6	0.0322	0.0285
101	3159.649	18.8	0.0289	0.0605
102	3232.486	27.3	-0.0196	-0.0987
103	3331.623	25.6	0.3479	0.0998
104	3331.647	20.5	0.3425	0.0993
105	3360.534	83.6	0.1041	-0.1066
106	3375.372	52.9	0.2801	-0.1169
107	3403.914	37.5	0.0540	-0.1342
108	3440.218	57.2	0.3636	0.1225
109	3484.178	33.3	0.4639	-0.1125
110	3543.164	75.9	0.4416	-0.0390
111	3573.062	75.9	0.2662	-0.3003
112	3608.826	97.3	0.0200	-0.1612
113	3615.278	137.4	0.1397	0.1285
114	3630.320	23.0	0.4189	-0.1275
115	3657.419	98.1	0.1913	-0.0402
116	3750.033	13.7	0.1343	-0.3356
117	3750.053	23.9	0.1374	-0.3373
118	3774.114	80.2	0.3518	-0.1566
119	3784.026	37.5	0.4127	-0.1837
120	3784.053	8.5	0.3915	-0.1858
121	3784.606	59.7	0.2773	-0.2950
122	3786.944	68.3	0.1404	0.0598
123	3867.028	13.7	-0.0248	-0.3594
124	3869.475	106.7	0.3190	-0.0671
125	3911.889	87.9	0.3086	-0.0155
126	3986.761	47.8	0.2273	0.0607
127	4033.268	43.5	0.2078	0.1397
128	4060.926	65.7	0.0714	-0.1756
129	4079.808	66.6	0.5659	-0.0150
130	4120.891	23.0	-0.0667	0.1484
131	4128.029	139.1	0.2376	-0.1093
132	4159.650	68.3	0.2309	-0.1152
133	4259.654	73.4	0.2626	0.0092
134	4259.715	27.3	0.2410	0.0235
135	4259.742	22.2	0.2452	0.0537
136	4300.044	101.5	0.0929	-0.0158
137	4347.363	40.1	0.1551	-0.0040
138	4348.288	74.2	0.1467	0.0885
139	4378.762	82.8	0.2539	-0.1925
140	4402.232	52.1	0.2112	-0.1234
141	4409.260	89.6	0.1034	-0.0159
142	4516.620	75.1	0.1661	0.0609
143	4539.926	105.8	0.2406	-0.0570
144	4547.831	86.2	0.2052	0.1863
145	4574.561	46.9	0.3120	0.1790
146	4662.423	27.3	0.6347	-0.3233
147	4793.168	12.8	0.4348	-0.2071
148	4943.989	85.3	0.1877	-0.0213
149	4945.839	21.3	0.2240	-0.0252
150	4975.686	88.7	0.4795	0.0530
151	4983.744	166.4	0.1699	0.0064
152	4992.233	33.3	0.0930	0.0184
153	4994.097	29.0	0.4612	-0.1525
154	4994.141	23.9	0.4640	-0.1287
