1	3.991	41.0	-0.1338	-0.2782
2	9.422	23.9	-0.4241	0.0325
3	9.883	87.0	-0.1844	-0.0904
4	102.169	75.1	-0.4225	-0.2669
5	136.797	23.9	-0.4796	0.0262
6	146.413	39.3	-0.4364	-0.0167
7	158.796	87.0	-0.3314	0.0821
8	202.886	41.0	-0.4103	0.1767
9	206.764	78.5	-0.5314	-0.0464
10	221.585	39.3	-0.3538	-0.2112
11	249.526	22.2	-0.3527	0.1947
12	283.342	54.6	-0.3057	-0.0151
13	325.353	10.2	-0.3152	0.0655
14	325.377	25.6	-0.3050	0.0836
15	348.632	34.1	-0.3339	-0.0183
16	356.193	66.6	-0.1346	-0.1962
17	380.035	63.1	-0.4111	-0.1013
18	391.026	46.1	-0.5250	0.0056
19	413.731	13.7	-0.2799	-0.0539
20	413.779	71.7	-0.2701	-0.0409
21	417.332	61.4	-0.1523	-0.0803
22	432.225	83.6	-0.1469	-0.2220
23	472.826	143.4	-0.0236	0.0878
24	510.356	37.5	-0.5252	0.0549
25	542.800	18.8	-0.3686	0.0471
26	563.823	30.7	-0.3690	0.0314
27	563.850	18.8	-0.3568	0.0283
28	568.741	23.9	-0.3758	-0.0590
29	576.564	41.0	-0.4196	0.3256
30	597.478	34.1	-0.2674	-0.1594
31	597.512	17.1	-0.2429	-0.1677
32	619.740	35.8	-0.3477	-0.1183
33	619.791	52.9	-0.3421	-0.1082
34	637.114	32.4	-0.3678	0.1488
35	640.851	13.7	-0.2880	-0.2148
36	640.902	78.5	-0.2634	-0.1984
37	649.753	42.7	-0.3304	-0.0839
38	658.191	71.7	-0.3843	0.1950
39	684.569	58.0	-0.3135	-0.0866
40	691.993	42.7	-0.1429	-0.1947
41	710.241	54.6	-0.3931	0.0044
42	710.548	11.9	-0.5715	0.2226
43	726.171	56.3	-0.4137	0.3573
44	730.281	8.5	-0.2772	-0.1315
45	801.909	66.6	-0.3965	-0.2028
46	819.918	97.3	-0.0807	-0.2603
47	837.456	109.2	-0.3467	0.1634
48	842.108	30.7	-0.3628	0.0099
49	843.426	47.8	-0.6496	0.1178
50	898.056	47.8	-0.3065	0.0076
51	971.914	78.5	-0.4202	-0.2194
52	983.782	8.5	-0.3550	-0.0693
53	988.881	56.3	-0.2326	0.0109
54	988.933	11.9	-0.2087	0.0158
55	1022.059	59.7	-0.1870	0.0446
56	1022.131	34.1	-0.1789	0.0392
57	1027.357	11.9	-0.3831	-0.1844
58	1067.381	46.1	-0.3248	-0.2760
59	1133.382	34.1	-0.3308	0.1078
60	1214.090	42.7	-0.4715	0.3455
61	1229.211	34.1	-0.3766	-0.1267
62	1232.286	30.7	-0.3469	-0.0280
63	1234.365	68.3	-0.4277	-0.0924
64	1267.761	44.4	-0.4615	-0.1122
65	1297.594	27.3	-0.3735	-0.1728
66	1297.631	35.8	-0.3718	-0.1460
67	1312.428	51.2	-0.4833	0.0426
68	1371.922	54.6	-0.4461	-0.0419
69	1373.868	52.9	-0.2393	0.1736
70	1373.933	61.4	-0.2143	0.1541
71	1412.480	32.4	-0.2918	0.2242
72	1412.517	23.9	-0.2761	0.2352
73	1433.738	25.6	-0.3056	0.1803
74	1435.776	63.1	-0.1365	-0.2475
75	1451.532	29.0	-0.4274	0.0304
76	1473.152	66.6	-0.3776	0.1510
77	1479.248	42.7	-0.2504	-0.1629
78	1479.279	10.2	-0.2342	-0.1748
79	1487.143	102.4	-0.2711	-0.0911
80	1487.313	18.8	-0.4827	0.2184
81	1496.673	25.6	-0.3476	0.1189
82	1496.707	32.4	-0.3405	0.1333
83	1505.776	27.3	-0.4380	0.1725
84	1560.833	17.1	-0.3531	0.1151
85	1572.148	61.4	-0.3331	-0.1124
86	1577.842	32.4	-0.2163	-0.1413
87	1642.576	41.0	-0.4616	0.2921
88	1645.651	63.1	-0.1876	-0.0435
89	1667.281	31.6	-0.3118	-0.1340
90	1671.644	39.3	-0.2142	0.3896
91	1694.080	24.7	-0.4291	-0.1986
92	1717.908	29.0	-0.3245	0.0276
93	1772.586	83.6	-0.2789	-0.1308
94	1803.880	47.8	-0.4974	0.1075
95	1806.518	65.7	-0.3397	-0.1393
96	1815.639	45.2	-0.5188	-0.1505
97	1837.907	58.0	-0.5123	-0.2099
98	1902.279	45.2	-0.4078	0.0302
99	1910.116	17.9	-0.3194	0.0764
100	1910.157	49.5	-0.3177	0.0372
101	1918.646	36.7	-0.3395	0.0345
102	1949.772	55.5	-0.4494	0.0528
103	2010.977	66.6	-0.2149	0.0845
104	2075.909	48.6	-0.4266	0.0237
105	2130.389	34.1	-0.5159	-0.1748
106	2143.090	58.9	-0.2198	0.0367
107	2148.148	63.1	-0.3133	0.1036
108	2176.551	44.4	-0.4306	0.1680
109	2189.969	9.4	-0.3371	-0.2331
110	2202.485	74.2	-0.4239	-0.0036
111	2207.196	29.9	-0.4772	0.0621
112	2215.879	66.6	-0.4039	0.0251
113	2289.597	25.6	-0.4674	0.1573
114	2296.690	14.5	-0.5252	0.0693
115	2296.731	23.9	-0.5199	-0.0307
116	2347.156	52.1	-0.4389	-0.0436
117	2347.443	51.2	-0.4941	-0.3007
118	2355.898	9.4	-0.3543	-0.1041
119	2429.312	53.8	-0.5288	0.1830
120	2488.922	44.4	-0.6740	0.0189
121	2490.205	26.5	-0.4021	-0.0234
122	2538.647	27.3	-0.6260	0.4395
123	2600.084	16.2	-0.4779	-0.1526
124	2607.853	11.9	-0.3284	0.1630
125	2607.890	49.5	-0.3222	0.1544
126	2631.343	55.5	-0.4049	0.1418
127	2637.423	40.1	-0.0779	-0.1516
128	2637.477	32.4	-0.0731	-0.1475
129	2641.256	58.0	-0.3453	-0.3002
130	2641.993	43.5	-0.6234	0.1128
131	2651.956	56.3	-0.1316	-0.4410
132	2663.640	53.8	-0.3360	-0.0214
133	2702.846	70.0	-0.2926	-0.2474
134	2720.025	40.1	-0.5696	0.1427
135	2733.958	52.9	-0.5876	0.1033
136	2735.433	64.0	-0.1126	-0.0625
137	2742.953	37.5	-0.4941	0.0364
138	2753.298	31.6	-0.5615	-0.0902
139	2753.708	70.8	-0.2661	-0.1719
140	2786.476	52.9	-0.2018	-0.2991
141	2810.233	41.8	-0.3045	-0.0642
142	2810.431	21.3	-0.4926	0.1666
143	2817.148	79.4	-0.4527	-0.0388
144	2818.302	33.3	-0.5482	0.0189
145	2825.217	68.3	-0.4767	-0.0271
146	2914.841	17.9	-0.4286	0.0921
147	2914.892	53.8	-0.4244	0.1132
148	2932.375	13.7	-0.1823	0.2449
149	2932.410	45.2	-0.1398	0.2574
150	2944.216	20.5	-0.5378	-0.3140
151	2995.485	58.0	-0.4917	0.1068
152	3014.749	49.5	-0.3900	-0.2228
153	3017.238	22.2	-0.2293	-0.0642
154	3017.262	17.1	-0.2333	-0.0954
155	3085.668	27.3	-0.4438	0.0820
156	3101.851	11.9	-0.3724	-0.2215
157	3108.118	30.7	-0.2297	0.1643
158	3111.261	22.2	-0.4151	-0.1985
159	3124.604	33.3	-0.3547	0.2434
160	3128.024	51.2	-0.4590	-0.2041
161	3135.940	76.8	-0.4065	0.0099
162	3154.976	44.4	-0.2705	-0.1008
163	3175.132	23.0	-0.3657	0.1741
164	3185.778	59.7	-0.1206	0.2177
165	3186.358	52.1	-0.4026	-0.3118
166	3260.550	6.0	-0.3951	0.0007
167	3273.340	52.1	-0.2157	-0.1818
168	3293.551	38.4	-0.6703	0.2178
169	3344.242	48.6	-0.2245	0.0406
170	3369.111	29.0	-0.2858	0.0869
171	3369.152	45.2	-0.3053	0.1403
172	3375.027	57.2	-0.3659	-0.3899
173	3376.952	63.1	-0.3626	-0.1959
174	3377.938	77.7	-0.2183	-0.0327
175	3378.000	21.3	-0.2018	-0.0593
176	3395.244	16.2	-0.1103	-0.0890
177	3395.309	76.8	-0.1074	-0.0956
178	3399.627	46.1	-0.1803	0.2937
179	3410.464	30.7	-0.4951	0.0799
180	3435.521	37.5	-0.4975	0.1645
181	3436.559	30.7	-0.3191	-0.1559
182	3461.432	60.6	-0.5735	-0.0274
183	3491.896	71.7	-0.3868	-0.2025
184	3496.388	54.6	-0.4601	0.1416
185	3528.412	65.7	-0.2426	-0.0448
186	3547.120	4.3	-0.4392	0.0444
187	3547.158	58.9	-0.3988	0.0550
188	3567.474	65.7	-0.4615	0.0375
189	3576.785	49.5	-0.3963	-0.2620
190	3594.569	25.6	-0.5606	-0.0095
191	3594.600	24.7	-0.5242	-0.0495
192	3601.467	52.9	-0.2948	0.0993
193	3625.555	39.3	-0.3985	-0.2007
194	3640.291	45.2	-0.4801	0.1861
195	3640.332	24.7	-0.4771	0.1888
196	3654.831	41.8	-0.3368	0.1619
197	3724.173	81.1	-0.4577	0.0960
198	3762.676	30.7	-0.0991	0.2702
199	3798.017	44.4	-0.7410	0.0217
200	3799.055	29.0	-0.4167	-0.0256
201	3814.599	11.9	-0.3555	0.0115
202	3831.482	53.8	-0.2517	0.1671
203	3839.284	40.1	-0.7197	-0.0153
204	3860.928	53.8	-0.0864	-0.1378
205	3868.646	25.6	-0.5445	0.1253
206	3868.677	29.9	-0.5172	0.1505
207	3904.493	22.2	-0.4325	0.0728
208	3908.244	92.2	-0.3745	-0.1183
209	3915.514	58.0	-0.2346	-0.2886
210	3932.127	28.2	-0.4669	-0.0492
211	3934.534	21.3	-0.5252	-0.1637
212	3939.374	49.5	-0.3838	0.1501
213	3946.081	30.7	-0.4481	-0.1918
214	3950.317	46.9	-0.5580	-0.0451
215	3971.527	27.3	-0.2100	-0.0777
216	3986.426	16.2	-0.3167	-0.0829
217	3990.519	41.8	-0.1999	-0.2230
218	4001.858	19.6	-0.5953	-0.0409
219	4001.903	62.3	-0.5705	-0.0384
220	4011.518	41.8	-0.5027	0.0616
221	4057.560	12.8	-0.4063	-0.1424
222	4079.433	43.5	-0.6213	-0.0087
223	4085.516	42.7	-0.6322	-0.2633
224	4091.260	32.4	-0.4211	-0.2933
225	4099.913	87.9	-0.2187	0.0334
226	4140.566	13.7	-0.4101	0.1311
227	4156.103	33.3	-0.6390	-0.2237
228	4168.931	11.9	-0.3712	0.2236
229	4181.219	41.8	-0.4006	-0.1471
230	4182.830	25.6	-0.4003	0.1762
231	4192.674	75.1	-0.3278	-0.0119
232	4253.161	81.1	-0.4049	0.0887
233	4255.674	35.0	-0.5770	-0.0590
234	4257.292	52.9	-0.2841	0.2539
235	4268.962	46.1	-0.3906	0.3501
236	4298.217	73.4	-0.4993	0.0575
237	4299.965	83.6	-0.1503	-0.2661
238	4328.695	77.7	-0.4031	0.2599
239	4336.426	56.3	-0.4222	-0.2521
240	4383.145	51.2	-0.3879	-0.0064
241	4388.579	51.2	-0.6590	-0.2200
242	4392.688	36.7	-0.5362	-0.2351
243	4441.297	63.1	-0.4612	-0.2890
244	4447.650	72.5	-0.3403	0.5067
245	4452.510	29.9	-0.1554	0.0720
246	4458.054	32.4	-0.4227	0.0830
247	4468.109	7.7	-0.3452	0.0584
248	4468.140	41.8	-0.3302	0.0335
249	4468.833	77.7	-0.3206	-0.0149
250	4470.874	50.3	-0.3269	-0.1991
251	4471.284	73.4	-0.4632	0.0445
252	4483.097	62.3	-0.3434	-0.2374
253	4490.351	49.5	-0.4144	-0.0601
254	4518.569	76.8	0.0401	-0.3483
255	4535.366	35.8	-0.4702	0.0670
256	4617.255	16.2	-0.3176	-0.0673
257	4638.380	52.9	-0.2603	-0.2205
258	4654.692	108.4	-0.3359	0.0662
259	4659.529	31.6	-0.3570	-0.0457
260	4669.131	37.5	-0.5318	-0.1311
261	4701.636	53.8	-0.4041	-0.0633
262	4701.670	8.5	-0.4006	-0.0915
263	4736.916	18.8	-0.6116	-0.0220
264	4786.659	68.3	-0.4344	0.0339
265	4796.240	30.7	-0.3853	0.3570
266	4803.299	33.3	-0.2867	-0.0555
267	4849.652	65.7	-0.4124	0.1544
268	4877.050	41.8	-0.3115	-0.1459
269	4887.874	50.3	-0.3885	-0.0248
270	4887.987	23.9	-0.3651	0.0871
271	4956.417	44.4	-0.4768	-0.2421
272	4978.648	49.5	-0.2033	-0.1115
273	4980.024	20.5	-0.3911	-0.2409
274	4983.345	41.0	-0.4832	0.0558
