1	27.677	107.5	-0.2298	-0.1652
2	37.719	37.5	-0.2453	-0.0877
3	73.419	81.9	-0.3528	-0.2463
4	127.254	75.1	-0.2164	-0.0018
5	149.205	70.0	-0.1598	-0.1036
6	171.743	27.3	-0.0996	-0.2063
7	206.279	13.7	-0.4565	0.1565
8	206.313	49.5	-0.4339	0.1330
9	231.388	29.0	-0.3838	-0.0418
10	281.127	34.1	-0.3918	0.0132
11	282.175	18.8	-0.2470	-0.0186
12	328.572	73.4	-0.0248	0.1261
13	344.939	11.9	-0.4429	-0.0667
14	374.464	54.6	-0.1077	0.0138
15	379.885	51.2	-0.3380	-0.0082
16	434.362	18.8	-0.2784	-0.2977
17	457.736	73.4	-0.2126	-0.0074
18	473.386	30.7	-0.1431	0.2623
19	540.042	15.4	-0.4395	0.0054
20	628.836	49.5	-0.2891	-0.1493
21	635.325	17.1	-0.3881	-0.1976
22	685.836	29.0	-0.1901	0.0606
23	685.894	44.4	-0.1827	0.0647
24	701.919	25.6	-0.2743	0.1876
25	713.712	25.6	-0.3301	0.1524
26	767.663	39.3	-0.0856	0.1028
27	837.790	56.3	-0.3661	-0.0966
28	856.369	63.1	0.0701	0.2795
29	888.113	41.0	-0.4193	0.0136
30	896.288	92.2	-0.0410	-0.2099
31	899.674	20.5	-0.3132	0.0078
32	901.292	42.7	-0.2438	-0.1173
33	930.305	46.1	-0.2775	0.1570
34	930.350	30.7	-0.2872	0.1665
35	930.384	11.9	-0.2665	0.1531
36	1095.569	75.9	0.0606	0.0041
37	1176.936	42.7	-0.0405	0.0178
38	1206.116	66.6	-0.3228	-0.2629
39	1252.411	41.8	-0.1793	0.2415
40	1252.445	15.4	-0.1796	0.2444
41	1292.494	11.9	-0.2225	0.2756
42	1312.233	63.1	-0.2001	-0.0334
43	1364.263	41.0	-0.0815	0.0087
44	1406.281	57.2	-0.2944	-0.1017
45	1429.300	20.5	-0.1042	0.1664
46	1529.676	56.3	-0.0589	-0.2523
47	1565.424	41.0	-0.5866	0.0956
48	1587.075	46.1	-0.1027	-0.2263
49	1608.733	63.1	-0.0365	0.0174
50	1608.845	99.0	0.1399	0.0224
51	1623.949	23.9	-0.4696	0.0989
52	1736.883	18.8	-0.4866	-0.0401
53	1750.219	24.7	-0.4180	0.0068
54	1750.260	46.1	-0.4117	0.0110
55	1812.505	55.5	-0.2479	0.1854
56	1817.905	11.9	-0.0970	-0.0581
57	1818.052	11.9	-0.0544	-0.0297
58	1818.069	11.1	-0.0433	-0.0023
59	1818.636	55.5	-0.1378	-0.0392
60	1824.158	40.1	-0.4446	0.0642
61	1826.397	7.7	-0.2755	-0.0769
62	1877.225	46.1	-0.4186	0.0505
63	1926.558	54.6	-0.1118	-0.3233
64	1930.248	11.1	-0.4382	0.2486
65	1943.738	13.7	-0.2302	0.0762
66	1960.313	63.1	-0.5534	0.1896
67	1984.431	6.8	-0.0702	-0.1124
68	2035.611	62.3	-0.3318	-0.0025
69	2106.574	96.4	0.0734	-0.1489
70	2109.663	56.3	-0.5666	0.0877
71	2115.790	58.0	-0.4488	-0.0475
72	2116.701	47.8	-0.2929	-0.1090
73	2118.845	64.0	0.0926	-0.1445
74	2170.953	75.9	-0.2075	-0.2291
75	2187.091	20.5	-0.4467	-0.1228
76	2187.122	32.4	-0.4306	-0.1049
77	2192.754	49.5	-0.0313	-0.0171
78	2230.594	24.7	-0.2382	-0.0065
79	2230.635	37.5	-0.2569	0.0002
80	2259.498	54.6	-0.1446	0.0381
81	2261.748	26.5	-0.0545	-0.1726
82	2261.823	117.8	-0.0445	-0.1845
83	2271.274	55.5	-0.2016	-0.0466
84	2271.373	13.7	-0.1962	-0.0527
85	2360.000	72.5	-0.3335	0.0998
86	2364.823	10.2	-0.0484	0.0558
87	2385.160	29.0	0.0565	0.0472
88	2385.201	9.4	0.0490	0.0090
89	2557.813	51.2	-0.2149	0.0517
90	2613.775	34.1	-0.4749	0.1147
91	2613.826	40.1	-0.4151	0.0768
92	2617.574	75.9	-0.2900	0.0222
93	2640.112	65.7	-0.4302	0.1823
94	2749.571	34.1	-0.5855	0.0941
95	2766.051	35.8	-0.3605	-0.2644
96	2775.290	16.2	-0.1451	-0.0891
97	2802.075	67.4	-0.2972	0.0059
98	2840.687	17.1	-0.5370	-0.1133
99	2840.707	17.1	-0.5239	-0.1598
100	2890.190	96.4	0.0400	-0.1729
101	2974.728	10.2	-0.2448	0.0615
102	2974.755	22.2	-0.1674	0.0907
103	2984.081	44.4	-0.3364	-0.0107
104	2995.307	35.8	-0.1646	0.1553
105	2997.270	49.5	-0.2656	-0.1883
106	3038.892	78.5	-0.0699	-0.0276
107	3049.798	121.2	-0.1279	0.0673
108	3089.945	57.2	-0.0966	0.1275
109	3089.993	17.1	-0.0851	0.1219
110	3094.970	74.2	-0.2178	-0.0140
111	3105.097	26.5	-0.1906	-0.1546
112	3105.285	52.9	-0.3004	-0.1013
113	3105.612	43.5	-0.5308	0.0514
114	3161.455	64.0	-0.3936	0.0199
115	3167.827	47.8	-0.2316	0.0292
116	3167.892	65.7	-0.2238	-0.0096
117	3181.883	51.2	-0.3163	-0.0995
118	3182.784	32.4	-0.5150	-0.0325
119	3252.683	77.7	0.0066	-0.0089
120	3336.572	30.7	-0.4122	0.1529
121	3360.954	41.0	-0.4814	0.1438
122	3440.699	10.2	-0.2350	-0.1038
123	3486.882	11.9	-0.3607	-0.3250
124	3487.988	24.7	-0.2503	-0.1262
125	3570.641	50.3	-0.4700	0.0108
126	3629.583	30.7	-0.1518	0.0722
127	3630.464	46.1	-0.0940	0.0797
128	3632.771	46.9	-0.3357	0.0863
129	3636.253	31.6	-0.3071	0.0017
130	3685.872	17.9	-0.0038	-0.2207
131	3692.812	45.2	0.0088	0.0519
132	3769.673	80.2	-0.2156	0.1666
133	3847.108	42.7	-0.3059	-0.0495
134	3887.023	41.0	-0.2403	-0.4035
135	3895.284	18.8	-0.0883	-0.2274
136	3907.421	68.3	-0.2740	0.0636
137	4025.649	31.6	-0.1933	0.1938
138	4074.422	68.3	-0.3170	0.0580
139	4138.736	72.5	-0.1459	0.1938
140	4185.239	20.5	-0.2064	-0.0316
141	4228.548	22.2	-0.5876	-0.0433
142	4256.083	26.5	-0.2184	-0.2486
143	4262.702	15.4	-0.2877	0.0545
144	4262.722	16.2	-0.2824	0.0545
145	4297.364	60.6	-0.2759	0.1918
146	4305.263	58.9	-0.0745	0.0034
147	4320.674	67.4	-0.1733	0.0048
148	4334.191	62.3	-0.3603	0.1348
149	4395.907	62.3	-0.3972	-0.1671
150	4461.228	14.5	-0.3007	-0.5448
151	4504.192	56.3	-0.5097	-0.0635
152	4507.509	64.0	-0.6117	0.0670
153	4593.191	8.5	-0.0773	-0.2372
154	4602.506	106.7	-0.1349	0.1753
155	4613.951	45.2	-0.0460	0.0169
156	4634.697	7.7	-0.2176	-0.0868
157	4659.375	96.4	-0.2366	0.0661
158	4706.978	73.4	-0.0887	-0.0330
159	4829.636	78.5	-0.4238	0.0004
160	4831.035	115.2	-0.1011	-0.0572
161	4869.613	36.7	-0.1914	-0.2675
162	4870.937	59.7	-0.2887	-0.1004
163	4875.276	29.0	-0.1085	0.1816
164	4879.610	53.8	-0.2558	0.0803
165	4926.851	123.7	0.0803	0.1240
166	4988.168	70.8	-0.5160	-0.0282
