1	63.339	11.9	0.1985	0.0194
2	64.155	23.9	0.3513	-0.0941
3	64.182	23.9	0.3759	-0.0771
4	104.384	44.4	0.2815	-0.2380
5	164.121	8.5	0.2235	0.2327
6	164.148	32.4	0.2069	0.1630
7	198.906	102.4	0.1587	-0.0110
8	242.580	47.8	0.2455	-0.3532
9	271.907	46.1	0.2827	0.0543
10	287.558	37.5	0.0937	-0.1145
11	291.920	54.6	0.4897	-0.1357
12	305.361	78.5	0.3165	-0.0606
13	344.594	27.3	0.0284	-0.3104
14	344.639	52.9	0.0317	-0.3058
15	344.693	30.7	0.0368	-0.3129
16	408.140	71.7	0.0253	-0.0949
17	426.630	13.7	-0.0135	-0.1091
18	426.688	8.5	-0.0358	-0.1221
19	462.846	51.2	0.3239	0.0769
20	472.574	76.8	0.3543	-0.1125
21	582.241	63.1	0.5183	0.0222
22	650.600	51.2	0.4850	-0.0696
23	731.134	64.9	0.3566	0.1212
24	800.984	23.9	0.2775	0.0284
25	836.964	46.1	0.2180	0.1450
26	855.820	20.5	0.1590	-0.1865
27	871.139	63.1	0.3032	0.0326
28	877.112	55.5	0.3568	-0.1536
29	887.468	41.0	0.1854	0.0094
30	910.621	52.9	0.5002	-0.0219
31	931.555	60.6	-0.1828	-0.2302
32	953.973	123.7	0.0618	-0.1577
33	965.978	140.8	0.2748	-0.0316
34	1012.249	75.9	0.3236	-0.3574
35	1069.624	55.5	0.3002	-0.3746
36	1100.907	50.3	0.1819	-0.0357
37	1134.914	35.0	0.1775	-0.0142
38	1207.079	16.2	0.4100	-0.0321
39	1266.515	110.1	0.1680	0.0793
40	1317.719	62.3	-0.2243	0.0897
41	1317.787	23.0	-0.2028	-0.1311
42	1322.135	41.8	0.5220	-0.1005
43	1324.573	57.2	0.1562	-0.1594
44	1340.021	52.9	0.3208	-0.3018
45	1353.074	72.5	0.2499	-0.1614
46	1377.479	45.2	-0.0225	0.1596
47	1399.328	27.3	0.2204	-0.0032
48	1399.386	82.8	0.1718	-0.0094
49	1415.705	31.6	0.1246	-0.0652
50	1438.496	103.3	0.2461	-0.1057
51	1443.452	37.5	0.3430	-0.0302
52	1476.394	15.4	0.4517	0.0857
53	1476.418	16.2	0.4636	0.1061
54	1493.222	27.3	0.5214	-0.1499
55	1514.989	110.1	-0.0289	-0.2500
56	1628.533	46.9	0.3257	0.0062
57	1657.052	12.8	0.1533	0.1981
58	1675.098	77.7	0.1807	-0.2394
59	1697.578	47.8	0.1857	0.1727
60	1702.057	41.0	-0.0961	-0.1410
61	1702.132	110.1	-0.0969	-0.1350
62	1702.224	26.5	-0.0885	-0.1490
63	1708.166	94.7	0.1323	-0.1008
64	1716.628	33.3	0.0185	-0.0698
65	1724.428	80.2	0.4592	-0.1212
66	1729.401	52.1	0.1321	0.1788
67	1828.660	23.9	0.4893	-0.0429
68	1846.236	42.7	0.7108	-0.1854
69	1846.953	51.2	0.2918	0.0489
70	2011.069	72.5	-0.0204	-0.1585
71	2016.049	37.5	-0.1069	-0.5048
72	2068.532	14.5	0.4879	0.0998
73	2097.239	35.0	-0.0405	-0.0478
74	2111.179	42.7	0.5365	-0.2301
75	2115.735	50.3	0.1904	0.0562
76	2206.161	50.3	0.0971	0.1016
77	2252.095	81.9	0.1520	-0.0725
78	2254.849	35.0	0.5569	-0.4509
79	2307.558	29.0	0.2251	-0.0833
80	2405.592	48.6	0.3900	-0.2036
81	2406.848	125.4	0.2083	-0.1264
82	2484.468	52.9	0.1949	0.1416
83	2500.712	96.4	0.1618	0.1836
84	2535.784	88.7	-0.1436	-0.0908
85	2576.228	33.3	0.5032	0.1540
86	2596.630	17.9	0.3482	-0.0420
87	2643.454	59.7	-0.0506	-0.0984
88	2664.927	24.7	0.3825	-0.0022
89	2675.177	12.8	0.1848	0.0195
90	2675.194	7.7	0.1923	0.0640
91	2675.297	50.3	0.1881	0.1905
92	2679.523	48.6	0.1289	-0.1138
93	2723.517	126.3	0.1213	0.0138
94	2762.064	137.4	0.1023	0.2141
95	2809.878	46.9	0.4204	0.1426
96	2824.108	56.3	0.3205	0.1329
97	2833.901	45.2	0.2131	0.4094
98	2843.922	178.3	0.1405	-0.0295
99	2929.672	40.1	-0.0679	-0.0950
100	2961.478	52.1	0.1097	0.1167
101	2964.799	99.8	0.0791	0.0852
102	3009.329	39.3	0.2512	-0.1953
103	3053.399	39.3	0.3908	-0.1152
104	3054.061	49.5	0.4084	-0.1062
105	3094.376	23.9	-0.0345	0.0658
106	3106.217	16.2	0.1778	0.0110
107	3111.678	145.1	0.0153	0.0304
108	3111.770	9.4	0.0029	-0.0058
109	3133.148	79.4	0.1588	0.1181
110	3210.095	35.8	0.3105	-0.2080
111	3210.153	32.4	0.3010	-0.1905
112	3283.655	11.1	0.3557	-0.2020
113	3428.251	82.8	0.0539	-0.1690
114	3462.292	108.4	0.1551	-0.0952
115	3464.705	59.7	0.0868	-0.0769
116	3470.419	49.5	0.2922	-0.1520
117	3495.859	35.0	0.1382	-0.0892
118	3548.059	35.0	0.4748	0.2455
119	3559.555	23.0	0.0132	-0.1737
120	3559.582	25.6	0.0290	-0.1846
121	3636.338	81.9	0.2090	0.0692
122	3636.393	22.2	0.1616	0.0597
123	3636.433	57.2	0.1090	0.0573
124	3662.706	38.4	0.1331	-0.0622
125	3685.780	55.5	0.0644	-0.0503
126	3689.777	73.4	0.0952	-0.0049
127	3692.262	60.6	0.4668	-0.0639
128	3742.001	46.9	0.4604	0.0074
129	3745.855	166.4	-0.0677	0.0374
130	3763.450	15.4	0.1870	0.0139
131	3765.724	79.4	0.0390	0.0400
132	3772.984	38.4	0.2313	-0.1607
133	3786.173	51.2	0.4694	-0.2399
134	3840.387	40.1	0.0694	-0.4700
135	3841.527	103.3	0.3156	-0.0657
136	3844.155	14.5	-0.2028	-0.0027
137	3844.186	41.0	-0.1802	0.0320
138	3845.101	34.1	0.7393	0.0581
139	3869.919	45.2	0.3459	0.2295
140	3912.036	112.6	0.2667	-0.2010
141	3947.316	35.8	0.3741	0.0609
142	4025.629	23.0	0.4381	0.1333
143	4062.643	25.6	0.2025	-0.0223
144	4167.910	35.0	0.4624	-0.3575
145	4180.567	128.9	0.3141	-0.1039
146	4184.615	35.0	0.1398	-0.0794
147	4188.694	21.3	0.3189	0.1451
148	4230.190	12.8	0.2622	0.1536
149	4232.586	8.5	0.0211	-0.2510
150	4251.025	23.9	0.4824	-0.3485
151	4318.551	38.4	0.4127	-0.0831
152	4359.616	45.2	0.1224	0.0413
153	4377.181	58.9	0.0116	0.1114
154	4380.393	48.6	0.6881	-0.0875
155	4396.962	30.7	0.1799	-0.0272
156	4397.009	52.1	0.1605	-0.0593
157	4454.333	41.0	0.2468	-0.0412
158	4508.547	70.8	0.1391	0.0842
159	4512.001	53.8	0.2258	0.0057
160	4611.469	70.8	0.0989	-0.0461
161	4611.534	35.8	0.0753	-0.0807
162	4662.297	48.6	0.3693	-0.1115
163	4670.264	52.1	0.0760	-0.0169
164	4670.298	18.8	0.0771	0.0087
165	4670.332	32.4	0.0760	0.0819
166	4678.947	93.0	0.0172	0.2099
167	4712.395	60.6	0.0740	-0.2519
168	4844.013	46.1	0.3535	-0.1208
169	4951.977	65.7	0.3983	-0.4468
170	4993.670	19.6	0.3330	0.0562
