1	44.330	42.7	0.4507	-0.0375
2	107.972	35.8	0.1751	0.0820
3	137.654	8.5	0.1560	0.0100
4	137.811	27.3	0.0808	-0.2093
5	146.515	44.4	0.1959	0.0866
6	150.140	59.7	0.4299	0.0721
7	267.258	61.4	0.2375	0.0142
8	301.784	18.8	0.1675	-0.2553
9	375.311	37.5	0.2037	-0.0965
10	381.086	61.4	0.1958	-0.1860
11	570.461	56.3	0.4127	0.1005
12	584.118	32.4	0.5576	-0.2169
13	732.226	49.5	0.3416	0.0566
14	759.137	54.6	0.3087	0.1772
15	847.703	44.4	0.4744	0.0062
16	860.158	68.3	0.1610	0.0929
17	863.134	20.5	0.5276	0.1269
18	930.947	107.5	0.1559	-0.0466
19	931.251	93.9	0.1700	-0.0855
20	990.093	23.9	0.5019	-0.2062
21	991.479	68.3	0.3291	0.1537
22	1053.288	25.6	0.2864	-0.1191
23	1106.973	84.5	-0.1068	-0.1766
24	1154.316	42.7	0.1273	0.3277
25	1274.062	25.6	0.0588	-0.3195
26	1297.860	63.1	0.2161	-0.0787
27	1347.537	71.7	0.3021	0.0683
28	1357.832	46.9	0.3962	-0.1234
29	1383.005	39.3	0.2218	0.0524
30	1400.925	27.3	0.1054	-0.0203
31	1426.795	81.9	0.2949	-0.0114
32	1460.119	63.1	0.2408	0.0517
33	1464.458	40.1	0.2662	0.2464
34	1474.124	46.9	0.1726	0.0289
35	1499.287	41.0	0.7015	-0.0767
36	1601.193	26.5	0.3401	0.0794
37	1719.601	29.9	0.3788	0.1746
38	1727.261	74.2	0.3396	0.1152
39	1762.790	8.5	0.3207	0.0197
40	1769.760	52.9	0.2300	0.1791
41	1786.833	28.2	0.4126	-0.0646
42	1807.484	12.8	0.7039	0.0778
43	1884.206	29.9	0.1217	0.1562
44	1900.982	70.8	-0.0956	-0.0261
45	1945.192	23.0	0.0223	-0.1263
46	1978.339	82.8	0.3815	0.0705
47	1997.296	39.3	0.3416	-0.0553
48	2006.065	103.3	-0.0825	0.1537
49	2032.239	64.0	0.3287	0.1220
50	2054.446	45.2	0.2083	-0.1825
51	2061.378	105.0	0.2300	0.0004
52	2095.232	65.7	0.3774	-0.1750
53	2100.945	62.3	0.1740	-0.0016
54	2113.957	40.1	0.3328	-0.4129
55	2127.436	35.0	0.3175	0.2276
56	2150.842	68.3	0.2591	-0.1281
57	2157.556	45.2	0.3439	0.1162
58	2160.884	57.2	0.2966	-0.1594
59	2168.755	33.3	0.1692	0.1271
60	2170.086	41.0	0.3155	-0.2353
61	2171.677	40.1	0.1811	0.1638
62	2285.692	57.2	0.6565	-0.1330
63	2312.026	36.7	0.4747	-0.0628
64	2353.372	32.4	0.3437	-0.2529
65	2374.586	54.6	0.2300	-0.2105
66	2381.580	49.5	0.3663	-0.1133
67	2386.993	24.7	0.5275	0.0882
68	2399.281	58.9	0.3688	0.1569
69	2419.512	41.8	0.4289	0.0084
70	2425.212	64.0	0.3239	0.1021
71	2463.612	42.7	0.5151	-0.0169
72	2522.240	26.5	0.2912	-0.2101
73	2522.263	4.3	0.2822	-0.2166
74	2522.308	59.7	0.3008	-0.1806
75	2526.213	33.3	0.4218	-0.0488
76	2553.424	55.5	0.3766	0.0314
77	2582.287	67.4	0.2894	0.0795
78	2599.244	82.8	0.1180	-0.1453
79	2616.311	87.9	0.2567	0.0364
80	2625.175	44.4	0.5203	-0.0618
81	2645.000	52.9	0.4585	0.0437
82	2648.113	75.1	0.0630	-0.1204
83	2676.389	76.8	0.4383	0.0926
84	2726.251	17.1	0.1205	-0.0441
85	2726.299	19.6	0.1137	-0.0260
86	2751.336	44.4	0.4782	-0.2136
87	2772.365	63.1	0.5070	-0.3940
88	2809.325	16.2	0.5483	-0.0967
89	2924.508	33.3	0.1296	0.0090
90	2952.231	33.3	0.4082	0.0973
91	2966.949	55.5	0.4240	-0.3815
92	2978.967	75.1	0.2020	-0.0846
93	3035.240	12.8	0.2369	-0.1934
94	3035.270	29.0	0.2333	-0.2129
95	3080.879	43.5	0.3805	0.1771
96	3090.966	43.5	0.2924	0.0368
97	3120.747	40.1	0.3588	-0.2980
98	3145.716	48.6	0.2460	-0.0088
99	3184.406	122.0	0.3949	-0.1012
100	3374.757	17.9	0.4177	-0.0314
101	3391.424	56.3	0.1512	-0.1210
102	3393.609	75.1	0.4175	-0.1324
103	3398.732	70.0	0.4140	-0.0543
104	3418.980	54.6	0.5366	-0.2513
105	3492.374	98.1	0.2012	-0.1848
106	3494.234	23.0	0.3929	0.0997
107	3494.306	55.5	0.4566	0.1760
108	3510.809	58.0	0.5560	0.0247
109	3532.750	104.1	0.2089	-0.2637
110	3540.707	73.4	0.5186	0.1947
111	3542.488	56.3	0.5096	0.1095
112	3567.965	101.5	0.2487	-0.0533
113	3571.918	40.1	0.1120	-0.1020
114	3609.567	12.8	0.1723	-0.0654
115	3609.618	76.8	0.1597	-0.0913
116	3691.265	36.7	0.2677	0.0871
117	3708.660	24.7	0.5149	0.3985
118	3728.402	29.9	0.0987	-0.5593
119	3728.430	13.7	0.1095	-0.5770
120	3743.343	29.9	0.2524	0.2642
121	3743.892	11.1	0.0769	0.1213
122	3762.399	59.7	-0.0863	-0.2403
123	3844.299	24.7	0.1710	0.0508
124	3844.350	47.8	0.1663	0.0245
125	3880.671	38.4	0.2819	-0.0931
126	3966.496	48.6	0.3400	-0.1957
127	4036.357	9.4	0.3170	-0.1434
128	4065.097	26.5	0.3983	0.0537
129	4140.317	25.6	0.0056	-0.4264
130	4241.109	16.2	0.3831	0.0200
131	4253.643	24.7	0.2498	0.0221
132	4436.809	19.6	0.2440	0.1031
133	4480.896	67.4	0.4206	0.0447
134	4529.498	22.2	0.2912	-0.2669
135	4529.539	42.7	0.2780	-0.2459
136	4581.623	91.3	0.2550	-0.1668
137	4609.070	65.7	0.3595	-0.0271
138	4656.266	48.6	0.4766	0.4933
139	4729.953	19.6	0.4790	-0.1783
140	4749.163	26.5	0.1881	0.2380
141	4800.513	40.1	-0.0049	0.0544
142	4870.528	11.1	-0.0514	0.1432
143	4873.129	43.5	-0.1479	-0.0527
144	4874.535	43.5	0.7085	0.1439
145	4878.313	51.2	0.5299	0.1835
146	4966.306	50.3	0.2692	0.0334
147	4981.857	29.9	0.4013	0.1584
